0.0140351 2
0.0280702 3
0.0421053 4
0.0561404 5
0.0701754 6
0.0842105 7
0.0982456 8
0.112281 9
0.126316 10
0.140351 10
0.154386 11
0.168421 11
0.182456 12
0.196491 12
0.210526 13
0.224561 13
0.238596 14
0.252632 14
0.266667 15
0.280702 15
0.294737 16
0.308772 16
0.322807 17
0.336842 17
0.350877 18
0.364912 18
0.378947 19
0.392982 19
0.407018 20
0.421053 20
0.435088 21
0.449123 21
0.463158 22
0.477193 22
0.491228 23
0.505263 23
0.519298 24
0.533333 24
0.547368 25
0.561404 25
0.575439 26
0.589474 26
0.603509 27
0.617544 27
0.631579 28
0.645614 28
0.659649 29
0.673684 29
0.687719 30
0.701754 30
0.715789 31
0.729825 31
0.74386 32
0.757895 32
0.77193 33
0.785965 33
0.8 34
0.814035 34
0.82807 35
0.842105 36
0.85614 36
0.870175 37
0.884211 37
0.898246 38
0.912281 38
0.926316 39
0.940351 39
0.954386 40
0.968421 40
0.982456 41
0.996491 41
1.01053 42
1.02456 42
1.0386 43
1.05263 43
1.06667 44
1.0807 44
1.09474 45
1.10877 45
1.12281 46
1.13684 46
1.15088 47
1.16491 47
1.17895 48
1.19298 48
1.20702 49
1.22105 49
1.23509 50
1.24912 50
1.26316 51
1.27719 51
1.29123 52
1.30526 52
1.3193 53
1.33333 53
1.34737 54
1.3614 54
1.37544 55
1.38947 55
1.40351 56
1.41754 56
1.43158 57
1.44561 57
1.45965 58
1.47368 58
1.48772 59
1.50175 59
1.51579 60
1.52982 60
1.54386 61
1.55789 61
1.57193 62
1.58596 62
1.6 63
1.61404 63
1.62807 64
1.64211 64
1.65614 65
1.67018 65
1.68421 66
1.69825 66
1.71228 67
1.72632 67
1.74035 68
1.75439 68
1.76842 69
1.78246 69
1.79649 70
1.81053 70
1.82456 71
1.8386 71
1.85263 72
1.86667 72
1.8807 73
1.89474 73
1.90877 74
1.92281 74
1.93684 75
1.95088 75
1.96491 76
1.97895 76
1.99298 77
2.00702 77
2.02105 78
2.03509 78
2.04912 79
2.06316 79
2.07719 80
2.09123 80
2.10526 81
2.1193 81
2.13333 82
2.14737 82
2.1614 83
2.17544 83
2.18947 84
2.20351 84
2.21754 85
2.23158 85
2.24561 86
2.25965 86
2.27368 87
2.28772 87
2.30175 88
2.31579 88
2.32982 89
2.34386 89
2.35789 90
2.37193 90
2.38596 91
2.4 91
2.41404 92
2.42807 92
2.44211 93
2.45614 93
2.47018 94
2.48421 94
2.49825 95
2.51228 95
2.52632 96
2.54035 96
2.55439 97
2.56842 97
2.58246 98
2.59649 98
2.61053 99
2.62456 99
2.6386 100
2.65263 100
2.66667 101
2.6807 101
2.69474 102
2.70877 102
2.72281 103
2.73684 103
2.75088 104
2.76491 104
2.77895 105
2.79298 105
2.80702 106
2.82105 106
2.83509 107
2.84912 107
2.86316 108
2.87719 108
2.89123 109
2.90526 109
2.9193 110
2.93333 110
2.94737 111
2.9614 111
2.97544 112
2.98947 112
3.00351 113
3.01754 114
3.03158 115
3.04561 116
3.05965 117
3.07368 118
3.08772 119
3.10175 120
3.11579 121
3.12982 121
3.14386 122
3.15789 122
3.17193 123
3.18596 123
3.2 124
3.21404 125
3.22807 126
3.24211 127
3.25614 127
3.27018 128
3.28421 128
3.29825 129
3.31228 129
3.32632 130
3.34035 130
3.35439 131
3.36842 131
3.38246 132
3.39649 132
3.41053 133
3.42456 133
3.4386 134
3.45263 134
3.46667 135
3.4807 135
3.49474 136
3.50877 136
3.52281 137
3.53684 137
3.55088 138
3.56491 138
3.57895 139
3.59298 139
3.60702 140
3.62105 140
3.63509 141
3.64912 141
3.66316 142
3.67719 142
3.69123 143
3.70526 143
3.7193 144
3.73333 144
3.74737 145
3.7614 145
3.77544 146
3.78947 146
3.80351 147
3.81754 147
3.83158 148
3.84561 148
3.85965 149
3.87368 149
3.88772 150
3.90175 150
3.91579 151
3.92982 151
3.94386 152
3.95789 152
3.97193 153
3.98596 153
4 154
4.01404 154
4.02807 155
4.04211 155
4.05614 156
4.07018 156
4.08421 157
4.09825 157
4.11228 158
4.12632 158
4.14035 159
4.15439 159
4.16842 160
4.18246 160
4.19649 161
4.21053 161
4.22456 162
4.2386 163
4.25263 164
4.26667 165
4.2807 166
4.29474 167
4.30877 167
4.32281 168
4.33684 168
4.35088 169
4.36491 169
4.37895 170
4.39298 170
4.40702 171
4.42105 171
4.43509 172
4.44912 172
4.46316 173
4.47719 173
4.49123 174
4.50526 174
4.5193 175
4.53333 175
4.54737 176
4.5614 176
4.57544 177
4.58947 177
4.60351 178
4.61754 178
4.63158 179
4.64561 179
4.65965 180
4.67368 180
4.68772 181
4.70175 181
4.71579 182
4.72982 182
4.74386 183
4.75789 183
4.77193 184
4.78596 184
4.8 185
4.81404 185
4.82807 186
4.84211 186
4.85614 187
4.87018 187
4.88421 188
4.89825 188
4.91228 189
4.92632 189
4.94035 190
4.95439 190
4.96842 191
4.98246 191
4.99649 192
5.01053 192
5.02456 193
5.0386 193
5.05263 194
5.06667 194
5.0807 195
5.09474 195
5.10877 196
5.12281 196
5.13684 197
5.15088 197
5.16491 198
5.17895 198
5.19298 199
5.20702 199
5.22105 200
5.23509 200
5.24912 201
5.26316 201
5.27719 202
5.29123 202
5.30526 203
5.3193 203
5.33333 204
5.34737 204
5.3614 205
5.37544 205
5.38947 206
5.40351 206
5.41754 207
5.43158 207
5.44561 208
5.45965 208
5.47368 209
5.48772 209
5.50175 210
5.51579 210
5.52982 211
5.54386 211
5.55789 212
5.57193 212
5.58596 213
5.6 213
5.61404 214
5.62807 214
5.64211 215
5.65614 215
5.67018 216
5.68421 216
5.69825 217
5.71228 217
5.72632 218
5.74035 218
5.75439 219
5.76842 219
5.78246 220
5.79649 220
5.81053 221
5.82456 221
5.8386 222
5.85263 222
5.86667 223
5.8807 223
5.89474 224
5.90877 224
5.92281 225
5.93684 225
5.95088 226
5.96491 226
5.97895 227
5.99298 227
6.00702 228
6.02105 228
6.03509 229
6.04912 229
6.06316 230
6.07719 230
6.09123 231
6.10526 231
6.1193 232
6.13333 232
6.14737 233
6.1614 233
6.17544 234
6.18947 234
6.20351 235
6.21754 235
6.23158 236
6.24561 236
6.25965 237
6.27368 237
6.28772 238
6.30175 238
6.31579 239
6.32982 239
6.34386 240
6.35789 240
6.37193 241
6.38596 241
6.4 242
6.41404 242
6.42807 243
6.44211 243
6.45614 244
6.47018 244
6.48421 245
6.49825 245
6.51228 246
6.52632 246
6.54035 247
6.55439 247
6.56842 248
6.58246 248
6.59649 249
6.61053 249
6.62456 250
6.6386 251
6.65263 251
6.66667 252
6.6807 252
6.69474 253
6.70877 253
6.72281 254
6.73684 254
6.75088 255
6.76491 255
6.77895 256
6.79298 256
6.80702 257
6.82105 257
6.83509 258
6.84912 258
6.86316 259
6.87719 259
6.89123 260
6.90526 260
6.9193 261
6.93333 261
6.94737 262
6.9614 262
6.97544 263
6.98947 263
7.00351 264
7.01754 264
7.03158 265
7.04561 265
7.05965 266
7.07368 266
7.08772 267
7.10175 268
7.11579 269
7.12982 270
7.14386 270
7.15789 271
7.17193 271
7.18596 272
7.2 272
7.21404 273
7.22807 273
7.24211 274
7.25614 274
7.27018 275
7.28421 275
7.29825 276
7.31228 276
7.32632 277
7.34035 277
7.35439 278
7.36842 278
7.38246 279
7.39649 279
7.41053 280
7.42456 280
7.4386 281
7.45263 281
7.46667 282
7.4807 283
7.49474 284
7.50877 285
7.52281 286
7.53684 287
7.55088 288
7.56491 289
7.57895 290
7.59298 291
7.60702 292
7.62105 292
7.63509 293
7.64912 294
7.66316 295
7.67719 296
7.69123 297
7.70526 298
7.7193 299
7.73333 300
7.74737 301
7.7614 302
7.77544 303
7.78947 303
7.80351 304
7.81754 305
7.83158 306
7.84561 307
7.85965 308
7.87368 309
7.88772 310
7.90175 311
7.91579 312
7.92982 313
7.94386 314
7.95789 315
7.97193 316
7.98596 317
8 318
8.01404 319
8.02807 320
8.04211 321
8.05614 322
8.07018 323
8.08421 324
8.09825 325
8.11228 326
8.12632 327
8.14035 328
8.15439 329
8.16842 330
8.18246 331
8.19649 332
8.21053 333
8.22456 334
8.2386 335
8.25263 336
8.26667 337
8.2807 338
8.29474 339
8.30877 340
8.32281 341
8.33684 342
8.35088 343
8.36491 344
8.37895 345
8.39298 346
8.40702 347
8.42105 348
8.43509 349
8.44912 350
8.46316 351
8.47719 352
8.49123 353
8.50526 354
8.5193 355
8.53333 356
8.54737 357
8.5614 358
8.57544 359
8.58947 360
8.60351 361
8.61754 362
8.63158 363
8.64561 364
8.65965 365
8.67368 366
8.68772 367
8.70175 368
8.71579 369
8.72982 370
8.74386 371
8.75789 372
8.77193 373
8.78596 374
8.8 375
8.81404 376
8.82807 377
8.84211 378
8.85614 379
8.87018 380
8.88421 381
8.89825 382
8.91228 383
8.92632 384
8.94035 385
8.95439 386
8.96842 387
8.98246 388
8.99649 389
9.01053 390
9.02456 391
9.0386 392
9.05263 393
9.06667 394
9.0807 395
9.09474 396
9.10877 397
9.12281 398
9.13684 399
9.15088 400
9.16491 401
9.17895 402
9.19298 403
9.20702 404
9.22105 405
9.23509 406
9.24912 407
9.26316 408
9.27719 409
9.29123 410
9.30526 411
9.3193 412
9.33333 413
9.34737 414
9.3614 415
9.37544 416
9.38947 417
9.40351 418
9.41754 419
9.43158 420
9.44561 421
9.45965 422
9.47368 423
9.48772 424
9.50175 425
9.51579 426
9.52982 427
9.54386 428
9.55789 429
9.57193 430
9.58596 431
9.6 432
9.61404 433
9.62807 434
9.64211 435
9.65614 436
9.67018 437
9.68421 438
9.69825 439
9.71228 440
9.72632 441
9.74035 442
9.75439 443
9.76842 444
9.78246 445
9.79649 446
9.81053 447
9.82456 448
9.8386 449
9.85263 450
9.86667 451
9.8807 452
9.89474 453
9.90877 454
9.92281 455
9.93684 456
9.95088 457
9.96491 458
9.97895 459
9.99298 460
10.007 461
10.0211 462
10.0351 463
10.0491 464
10.0632 465
10.0772 466
10.0912 467
10.1053 468
10.1193 469
10.1333 470
10.1474 471
10.1614 472
10.1754 473
10.1895 474
10.2035 475
10.2175 476
10.2316 477
10.2456 478
10.2596 479
10.2737 480
10.2877 481
10.3018 482
10.3158 483
10.3298 484
10.3439 485
10.3579 486
10.3719 487
10.386 488
10.4 489
10.414 490
10.4281 491
10.4421 492
10.4561 493
10.4702 494
10.4842 495
10.4982 496
10.5123 497
10.5263 498
10.5404 499
10.5544 500
10.5684 501
10.5825 502
10.5965 503
10.6105 504
10.6246 505
10.6386 506
10.6526 507
10.6667 508
10.6807 509
10.6947 510
10.7088 511
10.7228 512
10.7368 513
10.7509 514
10.7649 515
10.7789 516
10.793 517
10.807 518
10.8211 519
10.8351 520
10.8491 521
10.8632 522
10.8772 523
10.8912 524
10.9053 525
10.9193 526
10.9333 527
10.9474 528
10.9614 529
10.9754 530
10.9895 531
11.0035 532
11.0175 533
11.0316 534
11.0456 535
11.0596 536
11.0737 537
11.0877 538
11.1018 539
11.1158 540
11.1298 541
11.1439 542
11.1579 543
11.1719 544
11.186 545
11.2 546
11.214 547
11.2281 548
11.2421 549
11.2561 550
11.2702 551
11.2842 552
11.2982 553
11.3123 554
11.3263 555
11.3404 556
11.3544 557
11.3684 558
11.3825 559
11.3965 560
11.4105 561
11.4246 562
11.4386 563
11.4526 564
11.4667 565
11.4807 566
11.4947 567
11.5088 568
11.5228 569
11.5368 570
11.5509 571
11.5649 572
11.5789 573
11.593 574
11.607 575
11.6211 576
11.6351 577
11.6491 578
11.6632 579
11.6772 580
11.6912 581
11.7053 582
11.7193 583
11.7333 584
11.7474 585
11.7614 586
11.7754 587
11.7895 588
11.8035 589
11.8175 590
11.8316 591
11.8456 592
11.8596 593
11.8737 594
11.8877 595
11.9018 596
11.9158 597
11.9298 598
11.9439 599
11.9579 600
11.9719 601
11.986 602
12 603
12.014 604
12.0281 605
12.0421 606
12.0561 607
12.0702 608
12.0842 609
12.0982 610
12.1123 611
12.1263 612
12.1404 613
12.1544 614
12.1684 615
12.1825 616
12.1965 617
12.2105 618
12.2246 619
12.2386 620
12.2526 621
12.2667 622
12.2807 623
12.2947 624
12.3088 625
12.3228 626
12.3368 627
12.3509 628
12.3649 629
12.3789 630
12.393 631
12.407 632
12.4211 633
12.4351 634
12.4491 635
12.4632 636
12.4772 637
12.4912 638
12.5053 639
12.5193 640
12.5333 641
12.5474 642
12.5614 643
12.5754 644
12.5895 645
12.6035 646
12.6175 647
12.6316 648
12.6456 649
12.6596 650
12.6737 651
12.6877 652
12.7018 653
12.7158 654
12.7298 655
12.7439 656
12.7579 657
12.7719 658
12.786 659
12.8 660
12.814 661
12.8281 662
12.8421 663
12.8561 664
12.8702 665
12.8842 666
12.8982 667
12.9123 668
12.9263 669
12.9404 670
12.9544 671
12.9684 672
12.9825 673
12.9965 674
13.0105 675
13.0246 676
13.0386 677
13.0526 678
13.0667 679
13.0807 680
13.0947 681
13.1088 682
13.1228 683
13.1368 684
13.1509 685
13.1649 686
13.1789 687
13.193 688
13.207 689
13.2211 690
13.2351 691
13.2491 692
13.2632 693
13.2772 694
13.2912 695
13.3053 696
13.3193 697
13.3333 698
13.3474 699
13.3614 700
13.3754 701
13.3895 702
13.4035 703
13.4175 704
13.4316 705
13.4456 706
13.4596 707
13.4737 708
13.4877 709
13.5018 710
13.5158 711
13.5298 712
13.5439 713
13.5579 714
13.5719 715
13.586 716
13.6 717
13.614 718
13.6281 719
13.6421 720
13.6561 721
13.6702 722
13.6842 723
13.6982 724
13.7123 725
13.7263 726
13.7404 727
13.7544 728
13.7684 729
13.7825 730
13.7965 731
13.8105 732
13.8246 733
13.8386 734
13.8526 735
13.8667 736
13.8807 737
13.8947 738
13.9088 739
13.9228 740
13.9368 741
13.9509 742
13.9649 743
13.9789 744
13.993 745
14.007 746
14.0211 747
14.0351 748
14.0491 749
14.0632 750
14.0772 751
14.0912 752
14.1053 753
14.1193 754
14.1333 755
14.1474 756
14.1614 757
14.1754 758
14.1895 759
14.2035 760
14.2175 761
14.2316 762
14.2456 763
14.2596 764
14.2737 765
14.2877 766
14.3018 767
14.3158 768
14.3298 769
14.3439 770
14.3579 771
14.3719 772
14.386 773
14.4 774
14.414 775
14.4281 776
14.4421 777
14.4561 778
14.4702 779
14.4842 780
14.4982 781
14.5123 782
14.5263 783
14.5404 784
14.5544 785
14.5684 786
14.5825 787
14.5965 788
14.6105 789
14.6246 790
14.6386 791
14.6526 792
14.6667 793
14.6807 794
14.6947 795
14.7088 796
14.7228 797
14.7368 798
14.7509 799
14.7649 800
14.7789 801
14.793 802
14.807 803
14.8211 804
14.8351 805
14.8491 806
14.8632 807
14.8772 808
14.8912 809
14.9053 810
14.9193 811
14.9333 812
14.9474 813
14.9614 814
14.9754 815
14.9895 816
15.0035 817
15.0175 818
15.0316 819
15.0456 820
15.0596 821
15.0737 822
15.0877 823
15.1018 824
15.1158 825
15.1298 826
15.1439 827
15.1579 828
15.1719 829
15.186 830
15.2 831
15.214 832
15.2281 833
15.2421 834
15.2561 835
15.2702 836
15.2842 837
15.2982 838
15.3123 839
15.3263 840
15.3404 841
15.3544 842
15.3684 843
15.3825 844
15.3965 845
15.4105 846
15.4246 847
15.4386 848
15.4526 849
15.4667 850
15.4807 851
15.4947 852
15.5088 853
15.5228 854
15.5368 855
15.5509 856
15.5649 857
15.5789 858
15.593 859
15.607 860
15.6211 861
15.6351 862
15.6491 863
15.6632 864
15.6772 865
15.6912 866
15.7053 867
15.7193 868
15.7333 869
15.7474 870
15.7614 871
15.7754 872
15.7895 873
15.8035 874
15.8175 875
15.8316 876
15.8456 877
15.8596 878
15.8737 879
15.8877 880
15.9018 881
15.9158 882
15.9298 883
15.9439 884
15.9579 885
15.9719 886
15.986 887
16 888
16.014 889
16.0281 890
16.0421 891
16.0561 892
16.0702 893
16.0842 894
16.0982 895
16.1123 896
16.1263 897
16.1404 898
16.1544 899
16.1684 900
16.1825 901
16.1965 902
16.2105 903
16.2246 904
16.2386 905
16.2526 906
16.2667 907
16.2807 908
16.2947 909
16.3088 910
16.3228 911
16.3368 912
16.3509 913
16.3649 914
16.3789 915
16.393 916
16.407 917
16.4211 918
16.4351 919
16.4491 920
16.4632 921
16.4772 922
16.4912 923
16.5053 924
16.5193 925
16.5333 926
16.5474 927
16.5614 928
16.5754 929
16.5895 930
16.6035 931
16.6175 932
16.6316 933
16.6456 934
16.6596 935
16.6737 936
16.6877 937
16.7018 938
16.7158 939
16.7298 940
16.7439 941
16.7579 942
16.7719 943
16.786 944
16.8 945
16.814 946
16.8281 947
16.8421 948
16.8561 949
16.8702 950
16.8842 951
16.8982 952
16.9123 953
16.9263 954
16.9404 955
16.9544 956
16.9684 957
16.9825 958
16.9965 959
17.0105 960
17.0246 961
17.0386 962
17.0526 963
17.0667 964
17.0807 965
17.0947 966
17.1088 967
17.1228 968
17.1368 969
17.1509 970
17.1649 971
17.1789 972
17.193 973
17.207 974
17.2211 975
17.2351 976
17.2491 977
17.2632 978
17.2772 979
17.2912 980
17.3053 981
17.3193 982
17.3333 983
17.3474 984
17.3614 985
17.3754 986
17.3895 987
17.4035 988
17.4175 989
17.4316 990
17.4456 991
17.4596 992
17.4737 993
17.4877 994
17.5018 995
17.5158 996
17.5298 997
17.5439 998
17.5579 999
17.5719 1000
17.586 1001
17.6 1002
17.614 1003
17.6281 1004
17.6421 1005
17.6561 1006
17.6702 1007
17.6842 1008
17.6982 1009
17.7123 1010
17.7263 1011
17.7404 1012
17.7544 1013
17.7684 1014
17.7825 1015
17.7965 1016
17.8105 1017
17.8246 1018
17.8386 1019
17.8526 1020
17.8667 1021
17.8807 1022
17.8947 1023
17.9088 1024
17.9228 1025
17.9368 1026
17.9509 1027
17.9649 1028
17.9789 1029
17.993 1030
18.007 1031
18.0211 1032
18.0351 1033
18.0491 1034
18.0632 1035
18.0772 1036
18.0912 1037
18.1053 1038
18.1193 1039
18.1333 1040
18.1474 1041
18.1614 1042
18.1754 1043
18.1895 1044
18.2035 1045
18.2175 1046
18.2316 1047
18.2456 1048
18.2596 1049
18.2737 1050
18.2877 1051
18.3018 1052
18.3158 1053
18.3298 1054
18.3439 1055
18.3579 1056
18.3719 1057
18.386 1058
18.4 1059
18.414 1060
18.4281 1061
18.4421 1062
18.4561 1063
18.4702 1064
18.4842 1065
18.4982 1066
18.5123 1067
18.5263 1068
18.5404 1069
18.5544 1070
18.5684 1071
18.5825 1072
18.5965 1073
18.6105 1074
18.6246 1075
18.6386 1076
18.6526 1077
18.6667 1078
18.6807 1079
18.6947 1080
18.7088 1081
18.7228 1082
18.7368 1083
18.7509 1084
18.7649 1085
18.7789 1086
18.793 1087
18.807 1088
18.8211 1089
18.8351 1090
18.8491 1091
18.8632 1092
18.8772 1093
18.8912 1094
18.9053 1095
18.9193 1096
18.9333 1097
18.9474 1098
18.9614 1099
18.9754 1100
18.9895 1101
19.0035 1102
19.0175 1103
19.0316 1104
19.0456 1105
19.0596 1106
19.0737 1107
19.0877 1108
19.1018 1109
19.1158 1110
19.1298 1111
19.1439 1112
19.1579 1113
19.1719 1114
19.186 1115
19.2 1116
19.214 1117
19.2281 1118
19.2421 1119
19.2561 1120
19.2702 1121
19.2842 1122
19.2982 1123
19.3123 1124
19.3263 1125
19.3404 1126
19.3544 1127
19.3684 1128
19.3825 1129
19.3965 1130
19.4105 1131
19.4246 1132
19.4386 1133
19.4526 1134
19.4667 1135
19.4807 1136
19.4947 1137
19.5088 1138
19.5228 1139
19.5368 1140
19.5509 1141
19.5649 1142
19.5789 1143
19.593 1144
19.607 1145
19.6211 1146
19.6351 1147
19.6491 1148
19.6632 1149
19.6772 1150
19.6912 1151
19.7053 1152
19.7193 1153
19.7333 1154
19.7474 1155
19.7614 1156
19.7754 1157
19.7895 1158
19.8035 1159
19.8175 1160
19.8316 1161
19.8456 1162
19.8596 1163
19.8737 1164
19.8877 1165
19.9018 1166
19.9158 1167
19.9298 1168
19.9439 1169
19.9579 1170
19.9719 1171
19.986 1172
20 1173
20.014 1174
20.0281 1175
20.0421 1176
20.0561 1177
20.0702 1178
20.0842 1179
20.0982 1180
20.1123 1181
20.1263 1182
20.1404 1183
20.1544 1184
20.1684 1185
20.1825 1186
20.1965 1187
20.2105 1188
20.2246 1189
20.2386 1190
20.2526 1191
20.2667 1192
20.2807 1193
20.2947 1194
20.3088 1195
20.3228 1196
20.3368 1197
20.3509 1198
20.3649 1199
20.3789 1200
20.393 1201
20.407 1202
20.4211 1203
20.4351 1204
20.4491 1205
20.4632 1206
20.4772 1207
20.4912 1208
20.5053 1209
20.5193 1210
20.5333 1211
20.5474 1212
20.5614 1213
20.5754 1214
20.5895 1215
20.6035 1216
20.6175 1217
20.6316 1218
20.6456 1219
20.6596 1220
20.6737 1221
20.6877 1222
20.7018 1223
20.7158 1224
20.7298 1225
20.7439 1226
20.7579 1227
20.7719 1228
20.786 1229
20.8 1230
20.814 1231
20.8281 1232
20.8421 1233
20.8561 1234
20.8702 1235
20.8842 1236
20.8982 1237
20.9123 1238
20.9263 1239
20.9404 1240
20.9544 1241
20.9684 1242
20.9825 1243
20.9965 1244
21.0105 1245
21.0246 1246
21.0386 1247
21.0526 1248
21.0667 1249
21.0807 1250
21.0947 1251
21.1088 1252
21.1228 1253
21.1368 1254
21.1509 1255
21.1649 1256
21.1789 1257
21.193 1258
21.207 1259
21.2211 1260
21.2351 1261
21.2491 1262
21.2632 1263
21.2772 1264
21.2912 1265
21.3053 1266
21.3193 1267
21.3333 1268
21.3474 1269
21.3614 1270
21.3754 1271
21.3895 1272
21.4035 1273
21.4175 1274
21.4316 1275
21.4456 1276
21.4596 1277
21.4737 1278
21.4877 1279
21.5018 1280
21.5158 1281
21.5298 1282
21.5439 1283
21.5579 1284
21.5719 1285
21.586 1286
21.6 1287
21.614 1288
21.6281 1289
21.6421 1290
21.6561 1291
21.6702 1292
21.6842 1293
21.6982 1294
21.7123 1295
21.7263 1296
21.7404 1297
21.7544 1298
21.7684 1299
21.7825 1300
21.7965 1301
21.8105 1302
21.8246 1303
21.8386 1304
21.8526 1305
21.8667 1306
21.8807 1307
21.8947 1308
21.9088 1309
21.9228 1310
21.9368 1311
21.9509 1312
21.9649 1313
21.9789 1314
21.993 1315
22.007 1316
22.0211 1317
22.0351 1318
22.0491 1319
22.0632 1320
22.0772 1321
22.0912 1322
22.1053 1323
22.1193 1324
22.1333 1325
22.1474 1326
22.1614 1327
22.1754 1328
22.1895 1329
22.2035 1330
22.2175 1331
22.2316 1332
22.2456 1333
22.2596 1334
22.2737 1335
22.2877 1336
22.3018 1337
22.3158 1338
22.3298 1339
22.3439 1340
22.3579 1341
22.3719 1342
22.386 1343
22.4 1344
22.414 1345
22.4281 1346
22.4421 1347
22.4561 1348
22.4702 1349
22.4842 1350
22.4982 1351
22.5123 1352
22.5263 1353
22.5404 1354
22.5544 1355
22.5684 1356
22.5825 1357
22.5965 1358
22.6105 1359
22.6246 1360
22.6386 1361
22.6526 1362
22.6667 1363
22.6807 1364
22.6947 1365
22.7088 1366
22.7228 1367
22.7368 1368
22.7509 1369
22.7649 1370
22.7789 1371
22.793 1372
22.807 1373
22.8211 1374
22.8351 1375
22.8491 1376
22.8632 1377
22.8772 1378
22.8912 1379
22.9053 1380
22.9193 1381
22.9333 1382
22.9474 1383
22.9614 1384
22.9754 1385
22.9895 1386
23.0035 1387
23.0175 1388
23.0316 1389
23.0456 1390
23.0596 1391
23.0737 1392
23.0877 1393
23.1018 1394
23.1158 1395
23.1298 1396
23.1439 1397
23.1579 1398
23.1719 1399
23.186 1400
23.2 1401
23.214 1402
23.2281 1403
23.2421 1404
23.2561 1405
23.2702 1406
23.2842 1407
23.2982 1408
23.3123 1409
23.3263 1410
23.3404 1411
23.3544 1412
23.3684 1413
23.3825 1414
23.3965 1415
23.4105 1416
23.4246 1417
23.4386 1418
23.4526 1419
23.4667 1420
23.4807 1421
23.4947 1422
23.5088 1423
23.5228 1424
23.5368 1425
23.5509 1426
23.5649 1427
23.5789 1428
23.593 1429
23.607 1430
23.6211 1431
23.6351 1432
23.6491 1433
23.6632 1434
23.6772 1435
23.6912 1436
23.7053 1437
23.7193 1438
23.7333 1439
23.7474 1440
23.7614 1441
23.7754 1442
23.7895 1443
23.8035 1444
23.8175 1445
23.8316 1446
23.8456 1447
23.8596 1448
23.8737 1449
23.8877 1450
23.9018 1451
23.9158 1452
23.9298 1453
23.9439 1454
23.9579 1455
23.9719 1456
23.986 1457
24 1458
24.014 1459
24.0281 1460
24.0421 1461
24.0561 1462
24.0702 1463
24.0842 1464
24.0982 1465
24.1123 1466
24.1263 1467
24.1404 1468
24.1544 1469
24.1684 1470
24.1825 1471
24.1965 1472
24.2105 1473
24.2246 1474
24.2386 1475
24.2526 1476
24.2667 1477
24.2807 1478
24.2947 1479
24.3088 1480
24.3228 1481
24.3368 1482
24.3509 1483
24.3649 1484
24.3789 1485
24.393 1486
24.407 1487
24.4211 1488
24.4351 1489
24.4491 1490
24.4632 1491
24.4772 1492
24.4912 1493
24.5053 1494
24.5193 1495
24.5333 1496
24.5474 1497
24.5614 1498
24.5754 1499
24.5895 1500
24.6035 1501
24.6175 1502
24.6316 1503
24.6456 1504
24.6596 1505
24.6737 1506
24.6877 1507
24.7018 1508
24.7158 1509
24.7298 1510
24.7439 1511
24.7579 1512
24.7719 1513
24.786 1514
24.8 1515
24.814 1516
24.8281 1517
24.8421 1518
24.8561 1519
24.8702 1520
24.8842 1521
24.8982 1522
24.9123 1523
24.9263 1524
24.9404 1525
24.9544 1526
24.9684 1527
24.9825 1528
24.9965 1529
25.0105 1530
25.0246 1531
25.0386 1532
25.0526 1533
25.0667 1534
25.0807 1535
25.0947 1536
25.1088 1537
25.1228 1538
25.1368 1539
25.1509 1540
25.1649 1541
25.1789 1542
25.193 1543
25.207 1544
25.2211 1545
25.2351 1546
25.2491 1547
25.2632 1548
25.2772 1549
25.2912 1550
25.3053 1551
25.3193 1552
25.3333 1553
25.3474 1554
25.3614 1555
25.3754 1556
25.3895 1557
25.4035 1558
25.4175 1559
25.4316 1560
25.4456 1561
25.4596 1562
25.4737 1563
25.4877 1564
25.5018 1565
25.5158 1566
25.5298 1567
25.5439 1568
25.5579 1569
25.5719 1570
25.586 1571
25.6 1572
25.614 1573
25.6281 1574
25.6421 1575
25.6561 1576
25.6702 1577
25.6842 1578
25.6982 1579
25.7123 1580
25.7263 1581
25.7404 1582
25.7544 1583
25.7684 1584
25.7825 1585
25.7965 1586
25.8105 1587
25.8246 1588
25.8386 1589
25.8526 1590
25.8667 1591
25.8807 1592
25.8947 1593
25.9088 1594
25.9228 1595
25.9368 1596
25.9509 1597
25.9649 1598
25.9789 1599
25.993 1600
26.007 1601
26.0211 1602
26.0351 1603
26.0491 1604
26.0632 1605
26.0772 1606
26.0912 1607
26.1053 1608
26.1193 1609
26.1333 1610
26.1474 1611
26.1614 1612
26.1754 1613
26.1895 1614
26.2035 1615
26.2175 1616
26.2316 1617
26.2456 1618
26.2596 1619
26.2737 1620
26.2877 1621
26.3018 1622
26.3158 1623
26.3298 1624
26.3439 1625
26.3579 1626
26.3719 1627
26.386 1628
26.4 1629
26.414 1630
26.4281 1631
26.4421 1632
26.4561 1633
26.4702 1634
26.4842 1635
26.4982 1636
26.5123 1637
26.5263 1638
26.5404 1639
26.5544 1640
26.5684 1641
26.5825 1642
26.5965 1643
26.6105 1644
26.6246 1645
26.6386 1646
26.6526 1647
26.6667 1648
26.6807 1649
26.6947 1650
26.7088 1651
26.7228 1652
26.7368 1653
26.7509 1654
26.7649 1655
26.7789 1656
26.793 1657
26.807 1658
26.8211 1659
26.8351 1660
26.8491 1661
26.8632 1662
26.8772 1663
26.8912 1664
26.9053 1665
26.9193 1666
26.9333 1667
26.9474 1668
26.9614 1669
26.9754 1670
26.9895 1671
27.0035 1672
27.0175 1673
27.0316 1674
27.0456 1675
27.0596 1676
27.0737 1677
27.0877 1678
27.1018 1679
27.1158 1680
27.1298 1681
27.1439 1682
27.1579 1683
27.1719 1684
27.186 1685
27.2 1686
27.214 1687
27.2281 1688
27.2421 1689
27.2561 1690
27.2702 1691
27.2842 1692
27.2982 1693
27.3123 1694
27.3263 1695
27.3404 1696
27.3544 1697
27.3684 1698
27.3825 1699
27.3965 1700
27.4105 1701
27.4246 1702
27.4386 1703
27.4526 1704
27.4667 1705
27.4807 1706
27.4947 1707
27.5088 1708
27.5228 1709
27.5368 1710
27.5509 1711
27.5649 1712
27.5789 1713
27.593 1714
27.607 1715
27.6211 1716
27.6351 1717
27.6491 1718
27.6632 1719
27.6772 1720
27.6912 1721
27.7053 1722
27.7193 1723
27.7333 1724
27.7474 1725
27.7614 1726
27.7754 1727
27.7895 1728
27.8035 1729
27.8175 1730
27.8316 1731
27.8456 1732
27.8596 1733
27.8737 1734
27.8877 1735
27.9018 1736
27.9158 1737
27.9298 1738
27.9439 1739
27.9579 1740
27.9719 1741
27.986 1742
28 1743
28.014 1744
28.0281 1745
28.0421 1746
28.0561 1747
28.0702 1748
28.0842 1749
28.0982 1750
28.1123 1751
28.1263 1752
28.1404 1753
28.1544 1754
28.1684 1755
28.1825 1756
28.1965 1757
28.2105 1758
28.2246 1759
28.2386 1760
28.2526 1761
28.2667 1762
28.2807 1763
28.2947 1764
28.3088 1765
28.3228 1766
28.3368 1767
28.3509 1768
28.3649 1769
28.3789 1770
28.393 1771
28.407 1772
28.4211 1773
28.4351 1774
28.4491 1775
28.4632 1776
28.4772 1777
28.4912 1778
28.5053 1779
28.5193 1780
28.5333 1782
28.5474 1783
28.5614 1784
28.5754 1785
28.5895 1786
28.6035 1787
28.6175 1788
28.6316 1789
28.6456 1789
28.6596 1790
28.6737 1791
28.6877 1792
28.7018 1793
28.7158 1795
28.7298 1795
28.7439 1796
28.7579 1797
28.7719 1798
28.786 1799
28.8 1800
28.814 1800
28.8281 1800
28.8421 1800
28.8561 1800
28.8702 1802
28.8842 1804
28.8982 1804
28.9123 1805
28.9263 1806
28.9404 1806
28.9544 1807
28.9684 1808
28.9825 1809
28.9965 1809
29.0105 1809
29.0246 1809
29.0386 1809
29.0526 1809
29.0667 1810
29.0807 1810
29.0947 1810
29.1088 1810
29.1228 1810
29.1368 1810
29.1509 1810
29.1649 1811
29.1789 1812
29.193 1813
29.207 1814
29.2211 1816
29.2351 1818
29.2491 1819
29.2632 1820
29.2772 1822
29.2912 1824
29.3053 1825
29.3193 1826
29.3333 1826
29.3474 1826
29.3614 1826
29.3754 1826
29.3895 1826
29.4035 1827
29.4175 1828
29.4316 1829
29.4456 1830
29.4596 1831
29.4737 1831
29.4877 1832
29.5018 1833
29.5158 1834
29.5298 1834
29.5439 1834
29.5579 1834
29.5719 1834
29.586 1835
29.6 1836
29.614 1836
29.6281 1836
29.6421 1837
29.6561 1838
29.6702 1839
29.6842 1840
29.6982 1840
29.7123 1840
29.7263 1841
29.7404 1842
29.7544 1843
29.7684 1844
29.7825 1845
29.7965 1847
29.8105 1847
29.8246 1848
29.8386 1849
29.8526 1849
29.8667 1850
29.8807 1850
29.8947 1850
29.9088 1851
29.9228 1852
29.9368 1853
29.9509 1854
29.9649 1854
29.9789 1854
29.993 1854
30.007 1854
30.0211 1855
30.0351 1856
30.0491 1856
30.0632 1856
30.0772 1856
30.0912 1856
30.1053 1856
30.1193 1857
30.1333 1857
30.1474 1857
30.1614 1857
30.1754 1857
30.1895 1858
30.2035 1859
30.2175 1859
30.2316 1860
30.2456 1860
30.2596 1860
30.2737 1860
30.2877 1860
30.3018 1860
30.3158 1860
30.3298 1860
30.3439 1861
30.3579 1861
30.3719 1861
30.386 1861
30.4 1861
30.414 1862
30.4281 1863
30.4421 1864
30.4561 1865
30.4702 1866
30.4842 1867
30.4982 1869
30.5123 1870
30.5263 1871
30.5404 1871
30.5544 1872
30.5684 1873
30.5825 1873
30.5965 1873
30.6105 1873
30.6246 1873
30.6386 1873
30.6526 1873
30.6667 1874
30.6807 1874
30.6947 1875
30.7088 1876
30.7228 1877
30.7368 1878
30.7509 1879
30.7649 1880
30.7789 1880
30.793 1881
30.807 1881
30.8211 1881
30.8351 1881
30.8491 1881
30.8632 1881
30.8772 1881
30.8912 1882
30.9053 1883
30.9193 1883
30.9333 1883
30.9474 1884
30.9614 1884
30.9754 1884
30.9895 1886
31.0035 1888
31.0175 1891
31.0316 1893
31.0456 1896
31.0596 1896
31.0737 1896
31.0877 1896
31.1018 1896
31.1158 1897
31.1298 1897
31.1439 1898
31.1579 1899
31.1719 1899
31.186 1900
31.2 1901
31.214 1902
31.2281 1903
31.2421 1904
31.2561 1905
31.2702 1906
31.2842 1906
31.2982 1907
31.3123 1908
31.3263 1909
31.3404 1909
31.3544 1909
31.3684 1909
31.3825 1909
31.3965 1909
31.4105 1909
31.4246 1910
31.4386 1910
31.4526 1910
31.4667 1911
31.4807 1912
31.4947 1913
31.5088 1913
31.5228 1913
31.5368 1914
31.5509 1914
31.5649 1914
31.5789 1914
31.593 1914
31.607 1914
31.6211 1914
31.6351 1916
31.6491 1918
31.6632 1918
31.6772 1918
31.6912 1918
31.7053 1918
31.7193 1918
31.7333 1920
31.7474 1920
31.7614 1920
31.7754 1921
31.7895 1921
31.8035 1921
31.8175 1921
31.8316 1922
31.8456 1923
31.8596 1924
31.8737 1925
31.8877 1927
31.9018 1927
31.9158 1927
31.9298 1927
31.9439 1927
31.9579 1927
31.9719 1927
31.986 1927
32 1928
32.014 1929
32.0281 1930
32.0421 1930
32.0561 1930
32.0702 1933
32.0842 1932
32.0982 1932
32.1123 1932
32.1263 1933
32.1404 1933
32.1544 1933
32.1684 1934
32.1825 1935
32.1965 1936
32.2105 1937
32.2246 1938
32.2386 1939
32.2526 1940
32.2667 1942
32.2807 1943
32.2947 1943
32.3088 1943
32.3228 1944
32.3368 1944
32.3509 1944
32.3649 1945
32.3789 1946
32.393 1946
32.407 1947
32.4211 1947
32.4351 1948
32.4491 1949
32.4632 1950
32.4772 1951
32.4912 1951
32.5053 1952
32.5193 1953
32.5333 1954
32.5474 1955
32.5614 1956
32.5754 1956
32.5895 1956
32.6035 1956
32.6175 1957
32.6316 1958
32.6456 1959
32.6596 1960
32.6737 1961
32.6877 1962
32.7018 1963
32.7158 1966
32.7298 1970
32.7439 1971
32.7579 1972
32.7719 1972
32.786 1972
32.8 1972
32.814 1972
32.8281 1973
32.8421 1974
32.8561 1975
32.8702 1975
32.8842 1975
32.8982 1979
32.9123 1980
32.9263 1981
32.9404 1982
32.9544 1983
32.9684 1983
32.9825 1986
32.9965 1987
33.0105 1988
33.0246 1989
33.0386 1989
33.0526 1989
33.0667 1989
33.0807 1989
33.0947 1989
33.1088 1989
33.1228 1990
33.1368 1990
33.1509 1990
33.1649 1990
33.1789 1991
33.193 1992
33.207 1995
33.2211 1999
33.2351 1997
33.2491 1998
33.2632 1998
33.2772 1999
33.2912 2000
33.3053 2000
33.3193 2001
33.3333 2002
33.3474 2003
33.3614 2004
33.3754 2005
33.3895 2005
33.4035 2005
33.4175 2005
33.4316 2005
33.4456 2005
33.4596 2005
33.4737 2007
33.4877 2008
33.5018 2009
33.5158 2009
33.5298 2009
33.5439 2009
33.5579 2010
33.5719 2011
33.586 2012
33.6 2013
33.614 2013
33.6281 2013
33.6421 2013
33.6561 2017
33.6702 2020
33.6842 2021
33.6982 2022
33.7123 2023
33.7263 2024
33.7404 2024
33.7544 2024
33.7684 2024
33.7825 2024
33.7965 2029
33.8105 2030
33.8246 2030
33.8386 2030
33.8526 2030
33.8667 2030
33.8807 2031
33.8947 2032
33.9088 2033
33.9228 2037
33.9368 2040
33.9509 2041
33.9649 2041
33.9789 2044
33.993 2047
34.007 2047
34.0211 2047
34.0351 2048
34.0491 2049
34.0632 2051
34.0772 2051
34.0912 2051
34.1053 2051
34.1193 2052
34.1333 2053
34.1474 2055
34.1614 2055
34.1754 2056
34.1895 2057
34.2035 2058
34.2175 2058
34.2316 2059
34.2456 2060
34.2596 2061
34.2737 2063
34.2877 2063
34.3018 2063
34.3158 2063
34.3298 2064
34.3439 2065
34.3579 2066
34.3719 2067
34.386 2068
34.4 2069
34.414 2070
34.4281 2071
34.4421 2072
34.4561 2073
34.4702 2074
34.4842 2074
34.4982 2074
34.5123 2074
34.5263 2076
34.5404 2077
34.5544 2077
34.5684 2077
34.5825 2078
34.5965 2078
34.6105 2078
34.6246 2078
34.6386 2078
34.6526 2078
34.6667 2079
34.6807 2080
34.6947 2081
34.7088 2082
34.7228 2082
34.7368 2084
34.7509 2085
34.7649 2086
34.7789 2087
34.793 2088
34.807 2088
34.8211 2088
34.8351 2088
34.8491 2088
34.8632 2090
34.8772 2091
34.8912 2091
34.9053 2091
34.9193 2091
34.9333 2094
34.9474 2095
34.9614 2096
34.9754 2097
34.9895 2097
35.0035 2097
35.0175 2097
35.0316 2098
35.0456 2100
35.0596 2101
35.0737 2101
35.0877 2101
35.1018 2101
35.1158 2101
35.1298 2102
35.1439 2102
35.1579 2102
35.1719 2103
35.186 2104
35.2 2105
35.214 2106
35.2281 2107
35.2421 2108
35.2561 2109
35.2702 2109
35.2842 2109
35.2982 2109
35.3123 2110
35.3263 2111
35.3404 2112
35.3544 2113
35.3684 2114
35.3825 2115
35.3965 2116
35.4105 2119
35.4246 2117
35.4386 2118
35.4526 2119
35.4667 2119
35.4807 2119
35.4947 2120
35.5088 2120
35.5228 2120
35.5368 2120
35.5509 2120
35.5649 2120
35.5789 2120
35.593 2120
35.607 2121
35.6211 2122
35.6351 2123
35.6491 2124
35.6632 2124
35.6772 2124
35.6912 2124
35.7053 2124
35.7193 2125
35.7333 2126
35.7474 2126
35.7614 2126
35.7754 2126
35.7895 2127
35.8035 2132
35.8175 2133
35.8316 2135
35.8456 2136
35.8596 2137
35.8737 2138
35.8877 2138
35.9018 2138
35.9158 2138
35.9298 2138
35.9439 2139
35.9579 2140
35.9719 2141
35.986 2142
36 2143
36.014 2144
36.0281 2145
36.0421 2145
36.0561 2145
36.0702 2145
36.0842 2146
36.0982 2146
36.1123 2146
36.1263 2146
36.1404 2146
36.1544 2146
36.1684 2146
36.1825 2146
36.1965 2145
36.2105 2146
36.2246 2147
36.2386 2148
36.2526 2149
36.2667 2149
36.2807 2149
36.2947 2150
36.3088 2151
36.3228 2151
36.3368 2151
36.3509 2152
36.3649 2153
36.3789 2152
36.393 2158
36.407 2155
36.4211 2156
36.4351 2157
36.4491 2158
36.4632 2158
36.4772 2158
36.4912 2159
36.5053 2160
36.5193 2160
36.5333 2161
36.5474 2162
36.5614 2163
36.5754 2164
36.5895 2167
36.6035 2167
36.6175 2167
36.6316 2167
36.6456 2167
36.6596 2167
36.6737 2167
36.6877 2167
36.7018 2167
36.7158 2167
36.7298 2168
36.7439 2170
36.7579 2171
36.7719 2172
36.786 2173
36.8 2173
36.814 2174
36.8281 2174
36.8421 2174
36.8561 2175
36.8702 2175
36.8842 2176
36.8982 2176
36.9123 2177
36.9263 2178
36.9404 2179
36.9544 2180
36.9684 2181
36.9825 2181
36.9965 2181
37.0105 2181
37.0246 2181
37.0386 2181
37.0526 2181
37.0667 2181
37.0807 2181
37.0947 2181
37.1088 2182
37.1228 2183
37.1368 2183
37.1509 2184
37.1649 2184
37.1789 2184
37.193 2184
37.207 2190
37.2211 2190
37.2351 2190
37.2491 2192
37.2632 2193
37.2772 2194
37.2912 2194
37.3053 2194
37.3193 2194
37.3333 2194
37.3474 2194
37.3614 2194
37.3754 2194
37.3895 2194
37.4035 2195
37.4175 2195
37.4316 2195
37.4456 2196
37.4596 2204
37.4737 2205
37.4877 2205
37.5018 2205
37.5158 2206
37.5298 2207
37.5439 2208
37.5579 2208
37.5719 2209
37.586 2210
37.6 2209
37.614 2210
37.6281 2211
37.6421 2211
37.6561 2211
37.6702 2211
37.6842 2211
37.6982 2211
37.7123 2211
37.7263 2212
37.7404 2213
37.7544 2214
37.7684 2215
37.7825 2215
37.7965 2216
37.8105 2217
37.8246 2217
37.8386 2218
37.8526 2219
37.8667 2220
37.8807 2221
37.8947 2220
37.9088 2221
37.9228 2221
37.9368 2221
37.9509 2221
37.9649 2221
37.9789 2221
37.993 2221
38.007 2222
38.0211 2222
38.0351 2223
38.0491 2224
38.0632 2224
38.0772 2225
38.0912 2226
38.1053 2227
38.1193 2228
38.1333 2223
38.1474 2223
38.1614 2223
38.1754 2223
38.1895 2223
38.2035 2224
38.2175 2224
38.2316 2225
38.2456 2225
38.2596 2225
38.2737 2226
38.2877 2227
38.3018 2228
38.3158 2228
38.3298 2229
38.3439 2229
38.3579 2230
38.3719 2231
38.386 2232
38.4 2233
38.414 2233
38.4281 2233
38.4421 2233
38.4561 2233
38.4702 2234
38.4842 2234
38.4982 2235
38.5123 2235
38.5263 2235
38.5404 2236
38.5544 2236
38.5684 2236
38.5825 2236
38.5965 2237
38.6105 2238
38.6246 2239
38.6386 2239
38.6526 2239
38.6667 2239
38.6807 2240
38.6947 2241
38.7088 2241
38.7228 2241
38.7368 2242
38.7509 2236
38.7649 2236
38.7789 2237
38.793 2238
38.807 2239
38.8211 2238
38.8351 2238
38.8491 2238
38.8632 2238
38.8772 2238
38.8912 2239
38.9053 2240
38.9193 2240
38.9333 2240
38.9474 2240
38.9614 2255
38.9754 2256
38.9895 2257
39.0035 2258
39.0175 2258
39.0316 2258
39.0456 2258
39.0596 2258
39.0737 2259
39.0877 2259
39.1018 2260
39.1158 2260
39.1298 2260
39.1439 2260
39.1579 2261
39.1719 2262
39.186 2263
39.2 2264
39.214 2265
39.2281 2265
39.2421 2265
39.2561 2265
39.2702 2265
39.2842 2266
39.2982 2267
39.3123 2267
39.3263 2267
39.3404 2268
39.3544 2269
39.3684 2270
39.3825 2271
39.3965 2271
39.4105 2271
39.4246 2271
39.4386 2271
39.4526 2272
39.4667 2273
39.4807 2274
39.4947 2274
39.5088 2274
39.5228 2276
39.5368 2277
39.5509 2278
39.5649 2279
39.5789 2279
39.593 2279
39.607 2279
39.6211 2280
39.6351 2281
39.6491 2282
39.6632 2282
39.6772 2282
39.6912 2287
39.7053 2287
39.7193 2287
39.7333 2288
39.7474 2288
39.7614 2288
39.7754 2288
39.7895 2289
39.8035 2290
39.8175 2290
39.8316 2291
39.8456 2292
39.8596 2293
39.8737 2293
39.8877 2294
39.9018 2294
39.9158 2294
39.9298 2295
39.9439 2295
39.9579 2296
39.9719 2296
39.986 2296
40 2296
40.014 2296
40.0281 2296
40.0421 2296
40.0561 2296
40.0702 2297
40.0842 2298
40.0982 2298
40.1123 2299
40.1263 2300
40.1404 2300
40.1544 2301
40.1684 2302
40.1825 2303
40.1965 2303
40.2105 2303
40.2246 2303
40.2386 2303
40.2526 2304
40.2667 2306
40.2807 2308
40.2947 2309
40.3088 2309
40.3228 2310
40.3368 2310
40.3509 2310
40.3649 2310
40.3789 2311
40.393 2312
40.407 2312
40.4211 2313
40.4351 2313
40.4491 2313
40.4632 2313
40.4772 2314
40.4912 2314
40.5053 2315
40.5193 2312
40.5333 2313
40.5474 2313
40.5614 2313
40.5754 2313
40.5895 2313
40.6035 2314
40.6175 2316
40.6316 2317
40.6456 2318
40.6596 2318
40.6737 2318
40.6877 2318
40.7018 2318
40.7158 2319
40.7298 2320
40.7439 2321
40.7579 2321
40.7719 2322
40.786 2322
40.8 2323
40.814 2323
40.8281 2323
40.8421 2324
40.8561 2325
40.8702 2326
40.8842 2327
40.8982 2328
40.9123 2328
40.9263 2328
40.9404 2328
40.9544 2329
40.9684 2330
40.9825 2331
40.9965 2331
41.0105 2332
41.0246 2332
41.0386 2329
41.0526 2329
41.0667 2329
41.0807 2330
41.0947 2331
41.1088 2332
41.1228 2333
41.1368 2341
41.1509 2341
41.1649 2342
41.1789 2342
41.193 2342
41.207 2385
41.2211 2386
41.2351 2387
41.2491 2388
41.2632 2389
41.2772 2389
41.2912 2389
41.3053 2390
41.3193 2391
41.3333 2391
41.3474 2392
41.3614 2393
41.3754 2393
41.3895 2393
41.4035 2394
41.4175 2395
41.4316 2395
41.4456 2396
41.4596 2397
41.4737 2397
41.4877 2397
41.5018 2397
41.5158 2398
41.5298 2399
41.5439 2431
41.5579 2432
41.5719 2433
41.586 2431
41.6 2432
41.614 2432
41.6281 2432
41.6421 2433
41.6561 2433
41.6702 2428
41.6842 2429
41.6982 2429
41.7123 2429
41.7263 2429
41.7404 2429
41.7544 2446
41.7684 2447
41.7825 2448
41.7965 2449
41.8105 2450
41.8246 2451
41.8386 2451
41.8526 2452
41.8667 2452
41.8807 2453
41.8947 2454
41.9088 2454
41.9228 2454
41.9368 2454
41.9509 2487
41.9649 2488
41.9789 2488
41.993 2488
42.007 2488
42.0211 2488
42.0351 2488
42.0491 2507
42.0632 2508
42.0772 2508
42.0912 2509
42.1053 2509
42.1193 2509
42.1333 2511
42.1474 2512
42.1614 2512
42.1754 2513
42.1895 2513
42.2035 2513
42.2175 2513
42.2316 2515
42.2456 2516
42.2596 2516
42.2737 2516
42.2877 2517
42.3018 2517
42.3158 2518
42.3298 2519
42.3439 2519
42.3579 2520
42.3719 2521
42.386 2521
42.4 2521
42.414 2521
42.4281 2522
42.4421 2523
42.4561 2523
42.4702 2524
42.4842 2525
42.4982 2526
42.5123 2527
42.5263 2527
42.5404 2528
42.5544 2528
42.5684 2529
42.5825 2530
42.5965 2530
42.6105 2530
42.6246 2531
42.6386 2532
42.6526 2533
42.6667 2533
42.6807 2534
42.6947 2535
42.7088 2536
42.7228 2537
42.7368 2537
42.7509 2538
42.7649 2539
42.7789 2540
42.793 2541
42.807 2542
42.8211 2543
42.8351 2544
42.8491 2545
42.8632 2546
42.8772 2546
42.8912 2546
42.9053 2546
42.9193 2547
42.9333 2548
42.9474 2548
42.9614 2549
42.9754 2549
42.9895 2550
43.0035 2551
43.0175 2551
43.0316 2552
43.0456 2552
43.0596 2553
43.0737 2554
43.0877 2554
43.1018 2555
43.1158 2555
43.1298 2569
43.1439 2570
43.1579 2570
43.1719 2571
43.186 2572
43.2 2573
43.214 2573
43.2281 2573
43.2421 2573
43.2561 2573
43.2702 2574
43.2842 2575
43.2982 2575
43.3123 2576
43.3263 2576
43.3404 2575
43.3544 2576
43.3684 2576
43.3825 2577
43.3965 2577
43.4105 2576
43.4246 2577
43.4386 2577
43.4526 2577
43.4667 2577
43.4807 2578
43.4947 2578
43.5088 2579
43.5228 2579
43.5368 2580
43.5509 2581
43.5649 2581
43.5789 2582
43.593 2582
43.607 2583
43.6211 2584
43.6351 2584
43.6491 2584
43.6632 2585
43.6772 2586
43.6912 2586
43.7053 2587
43.7193 2589
43.7333 2590
43.7474 2590
43.7614 2591
43.7754 2591
43.7895 2592
43.8035 2592
43.8175 2593
43.8316 2594
43.8456 2595
43.8596 2595
43.8737 2595
43.8877 2595
43.9018 2596
43.9158 2596
43.9298 2597
43.9439 2597
43.9579 2598
43.9719 2598
43.986 2599
44 2600
44.014 2601
44.0281 2602
44.0421 2602
44.0561 2603
44.0702 2603
44.0842 2604
44.0982 2604
44.1123 2605
44.1263 2606
44.1404 2607
44.1544 2607
44.1684 2608
44.1825 2608
44.1965 2609
44.2105 2609
44.2246 2610
44.2386 2610
44.2526 2611
44.2667 2611
44.2807 2612
44.2947 2613
44.3088 2614
44.3228 2615
44.3368 2616
44.3509 2617
44.3649 2618
44.3789 2619
44.393 2620
44.407 2620
44.4211 2621
44.4351 2622
44.4491 2623
44.4632 2624
44.4772 2625
44.4912 2625
44.5053 2626
44.5193 2627
44.5333 2628
44.5474 2628
44.5614 2629
44.5754 2629
44.5895 2629
44.6035 2629
44.6175 2630
44.6316 2631
44.6456 2631
44.6596 2632
44.6737 2632
44.6877 2633
44.7018 2633
44.7158 2634
44.7298 2634
44.7439 2635
44.7579 2635
44.7719 2636
44.786 2636
44.8 2637
44.814 2637
44.8281 2638
44.8421 2638
44.8561 2639
44.8702 2639
44.8842 2640
44.8982 2640
44.9123 2641
44.9263 2641
44.9404 2642
44.9544 2643
44.9684 2643
44.9825 2644
44.9965 2645
45.0105 2725
45.0246 2666
45.0386 2669
45.0526 2598
45.0667 2599
45.0807 2599
45.0947 2600
45.1088 2745
45.1228 2746
45.1368 2746
45.1509 2747
45.1649 2748
45.1789 3038
45.193 3039
45.207 3039
45.2211 3040
45.2351 3119
45.2491 3120
45.2632 3120
45.2772 3120
45.2912 3120
45.3053 3121
45.3193 3122
45.3333 3122
45.3474 3123
45.3614 3124
45.3754 3125
45.3895 3125
45.4035 3126
45.4175 3127
45.4316 3129
45.4456 3130
45.4596 3131
45.4737 3131
45.4877 3132
45.5018 3133
45.5158 3134
45.5298 3134
45.5439 3135
45.5579 3135
45.5719 3136
45.586 3137
45.6 3137
45.614 3138
45.6281 3139
45.6421 3139
45.6561 3140
45.6702 3141
45.6842 3138
45.6982 3139
45.7123 3139
45.7263 3139
45.7404 3140
45.7544 3140
45.7684 3141
45.7825 3141
45.7965 3142
45.8105 3143
45.8246 3143
45.8386 3144
45.8526 3145
45.8667 3146
45.8807 3147
45.8947 3147
45.9088 3148
45.9228 3150
45.9368 3721
45.9509 4893
45.9649 4894
45.9789 4895
45.993 4895
46.007 4896
46.0211 4896
46.0351 4906
46.0491 4907
46.0632 4908
46.0772 4908
46.0912 4909
46.1053 4889
46.1193 4890
46.1333 4898
46.1474 4899
46.1614 4900
46.1754 4900
46.1895 4901
46.2035 4902
46.2175 4903
46.2316 4903
46.2456 4904
46.2596 4905
46.2737 7251
46.2877 7252
46.3018 7253
46.3158 7253
46.3298 7254
46.3439 7255
46.3579 7256
46.3719 7256
46.386 7257
46.4 7257
46.414 7258
46.4281 7259
46.4421 7259
46.4561 7260
46.4702 7261
46.4842 7262
46.4982 7262
46.5123 7263
46.5263 7263
46.5404 7264
46.5544 7265
46.5684 7266
46.5825 7267
46.5965 7268
46.6105 7269
46.6246 7270
46.6386 7270
46.6526 7271
46.6667 7272
46.6807 7272
46.6947 7273
46.7088 7274
46.7228 7275
46.7368 7275
46.7509 7276
46.7649 7277
46.7789 7278
46.793 7278
46.807 7279
46.8211 7280
46.8351 7281
46.8491 7282
46.8632 7282
46.8772 7282
46.8912 7283
46.9053 7284
46.9193 7285
46.9333 7285
46.9474 7286
46.9614 7287
46.9754 7288
46.9895 7289
47.0035 7290
47.0175 7290
47.0316 7291
47.0456 7292
47.0596 7293
47.0737 7294
47.0877 7295
47.1018 7295
47.1158 7296
47.1298 7296
47.1439 7296
47.1579 7297
47.1719 7298
47.186 7298
47.2 7299
47.214 7300
47.2281 7301
47.2421 7301
47.2561 7302
47.2702 7303
47.2842 7304
47.2982 7305
47.3123 7306
47.3263 7306
47.3404 7307
47.3544 7308
47.3684 7309
47.3825 7309
47.3965 7310
47.4105 7310
47.4246 7311
47.4386 7312
47.4526 7313
47.4667 7313
47.4807 7314
47.4947 7315
47.5088 7316
47.5228 7317
47.5368 7317
47.5509 7318
47.5649 7318
47.5789 7319
47.593 7319
47.607 7320
47.6211 7321
47.6351 7321
47.6491 7322
47.6632 7323
47.6772 7324
47.6912 7324
47.7053 7325
47.7193 7325
47.7333 7326
47.7474 7327
47.7614 7328
47.7754 7328
47.7895 7329
47.8035 7329
47.8175 7330
47.8316 7330
47.8456 7331
47.8596 7332
47.8737 7333
47.8877 7334
47.9018 7335
47.9158 7335
47.9298 7336
47.9439 7336
47.9579 7337
47.9719 7337
47.986 7337
48 7337
48.014 7337
48.0281 7338
48.0421 7339
48.0561 7462
48.0702 7462
48.0842 7463
48.0982 7464
48.1123 7464
48.1263 7465
48.1404 7465
48.1544 7466
48.1684 7467
48.1825 7468
48.1965 7469
48.2105 7469
48.2246 7470
48.2386 7470
48.2526 7471
48.2667 7471
48.2807 7472
48.2947 7472
48.3088 7473
48.3228 7474
48.3368 7474
48.3509 7475
48.3649 7476
48.3789 7477
48.393 7477
48.407 7478
48.4211 7478
48.4351 7480
48.4491 7481
48.4632 7481
48.4772 7482
48.4912 7483
48.5053 7483
48.5193 7484
48.5333 7484
48.5474 7486
48.5614 7487
48.5754 7487
48.5895 7488
48.6035 7489
48.6175 7489
48.6316 7490
48.6456 7490
48.6596 7491
48.6737 7492
48.6877 7492
48.7018 7493
48.7158 7494
48.7298 7494
48.7439 7495
48.7579 7495
48.7719 7496
48.786 7496
48.8 7497
48.814 7497
48.8281 7498
48.8421 7499
48.8561 7499
48.8702 7500
48.8842 7500
48.8982 7501
48.9123 7501
48.9263 7502
48.9404 7503
48.9544 7504
48.9684 7504
48.9825 7505
48.9965 7505
49.0105 7506
49.0246 7506
49.0386 7507
49.0526 7508
49.0667 7508
49.0807 7509
49.0947 7509
49.1088 7510
49.1228 7510
49.1368 7511
49.1509 7511
49.1649 7512
49.1789 7514
49.193 7514
49.207 7514
49.2211 7514
49.2351 7515
49.2491 7517
49.2632 7517
49.2772 7518
49.2912 7519
49.3053 7665
49.3193 7665
49.3333 7666
49.3474 7667
49.3614 7668
49.3754 7668
49.3895 7669
49.4035 7670
49.4175 7670
49.4316 7671
49.4456 7671
49.4596 7672
49.4737 7672
49.4877 7673
49.5018 7674
49.5158 7674
49.5298 7675
49.5439 7676
49.5579 7677
49.5719 7677
49.586 7678
49.6 7679
49.614 7679
49.6281 7680
49.6421 7680
49.6561 7681
49.6702 7681
49.6842 7682
49.6982 7683
49.7123 7683
49.7263 7684
49.7404 7685
49.7544 7686
49.7684 7686
49.7825 7687
49.7965 7688
49.8105 7688
49.8246 7689
49.8386 7690
49.8526 7690
49.8667 7691
49.8807 7691
49.8947 7692
49.9088 7693
49.9228 7817
49.9368 7818
49.9509 7818
49.9649 7819
49.9789 7820
49.993 7820
50.007 7821
50.0211 7822
50.0351 7822
50.0491 7823
50.0632 7823
50.0772 7824
50.0912 7824
50.1053 7825
50.1193 7826
50.1333 7826
50.1474 7827
50.1614 7827
50.1754 7828
50.1895 7828
50.2035 7829
50.2175 7830
50.2316 7830
50.2456 7831
50.2596 7832
50.2737 7833
50.2877 7833
50.3018 7834
50.3158 7834
50.3298 7834
50.3439 7835
50.3579 7835
50.3719 7836
50.386 7837
50.4 7838
50.414 7838
50.4281 7839
50.4421 7839
50.4561 7840
50.4702 7840
50.4842 7841
50.4982 7841
50.5123 7842
50.5263 7842
50.5404 7843
50.5544 7844
50.5684 7844
50.5825 7845
50.5965 7845
50.6105 7845
50.6246 7846
50.6386 7847
50.6526 7847
50.6667 7848
50.6807 7849
50.6947 7850
50.7088 7850
50.7228 7851
50.7368 7852
50.7509 7852
50.7649 7853
50.7789 7853
50.793 7853
50.807 7854
50.8211 7854
50.8351 7855
50.8491 7855
50.8632 7855
50.8772 7856
50.8912 7856
50.9053 7857
50.9193 7857
50.9333 7857
50.9474 7858
50.9614 7859
50.9754 7859
50.9895 7860
51.0035 7860
51.0175 7861
51.0316 7861
51.0456 7862
51.0596 7863
51.0737 7863
51.0877 7864
51.1018 7864
51.1158 7865
51.1298 7865
51.1439 7866
51.1579 7867
51.1719 7867
51.186 7868
51.2 7869
51.214 7870
51.2281 7871
51.2421 7871
51.2561 7872
51.2702 7873
51.2842 7873
51.2982 7874
51.3123 7874
51.3263 7875
51.3404 7875
51.3544 7876
51.3684 7877
51.3825 7877
51.3965 7878
51.4105 7879
51.4246 7880
51.4386 7880
51.4526 7881
51.4667 7882
51.4807 7882
51.4947 7883
51.5088 7884
51.5228 7885
51.5368 7885
51.5509 7886
51.5649 7887
51.5789 7887
51.593 7888
51.607 7889
51.6211 7890
51.6351 7890
51.6491 7891
51.6632 7892
51.6772 7892
51.6912 7893
51.7053 7894
51.7193 7895
51.7333 7895
51.7474 7896
51.7614 7897
51.7754 7897
51.7895 7898
51.8035 7899
51.8175 7900
51.8316 7900
51.8456 7901
51.8596 7901
51.8737 7902
51.8877 7902
51.9018 7902
51.9158 7903
51.9298 7903
51.9439 7904
51.9579 7904
51.9719 7904
51.986 7905
52 7905
52.014 7906
52.0281 7906
52.0421 7906
52.0561 7907
52.0702 7907
52.0842 7908
52.0982 7908
52.1123 7908
52.1263 7908
52.1404 7908
52.1544 7909
52.1684 7909
52.1825 7909
52.1965 7910
52.2105 7910
52.2246 7911
52.2386 7911
52.2526 7911
52.2667 7912
52.2807 7912
52.2947 7912
52.3088 7913
52.3228 7914
52.3368 7914
52.3509 7915
52.3649 7915
52.3789 7916
52.393 7916
52.407 7916
52.4211 7917
52.4351 7918
52.4491 7918
52.4632 7919
52.4772 7919
52.4912 7920
52.5053 7921
52.5193 7921
52.5333 7922
52.5474 7922
52.5614 7923
52.5754 7923
52.5895 7924
52.6035 7924
52.6175 7925
52.6316 7925
52.6456 7926
52.6596 7926
52.6737 7927
52.6877 7927
52.7018 7928
52.7158 7928
52.7298 7929
52.7439 7929
52.7579 7930
52.7719 7930
52.786 7931
52.8 7931
52.814 7932
52.8281 7932
52.8421 7933
52.8561 7933
52.8702 7934
52.8842 7934
52.8982 7935
52.9123 7935
52.9263 7936
52.9404 7936
52.9544 7937
52.9684 7937
52.9825 7938
52.9965 7938
53.0105 7939
53.0246 7939
53.0386 7940
53.0526 7940
53.0667 7941
53.0807 7941
53.0947 7942
53.1088 7942
53.1228 7943
53.1368 7943
53.1509 7944
53.1649 7944
53.1789 7945
53.193 7945
53.207 7946
53.2211 7946
53.2351 7947
53.2491 8031
53.2632 8032
53.2772 8032
53.2912 8033
53.3053 8033
53.3193 8034
53.3333 8035
53.3474 8035
53.3614 8036
53.3754 8036
53.3895 8037
53.4035 8037
53.4175 8038
53.4316 8038
53.4456 8039
53.4596 8039
53.4737 8039
53.4877 8039
53.5018 8039
53.5158 8040
53.5298 8040
53.5439 8041
53.5579 8041
53.5719 8051
53.586 8052
53.6 8105
53.614 8105
53.6281 8106
53.6421 8106
53.6561 8107
53.6702 8108
53.6842 8109
53.6982 8110
53.7123 8111
53.7263 8112
53.7404 8113
53.7544 8113
53.7684 8114
53.7825 8114
53.7965 8115
53.8105 8115
53.8246 8116
53.8386 8117
53.8526 8117
53.8667 8117
53.8807 8118
53.8947 8118
53.9088 8118
53.9228 8119
53.9368 8120
53.9509 8121
53.9649 8121
53.9789 8122
53.993 8123
54.007 8123
54.0211 8124
54.0351 8124
54.0491 8125
54.0632 8125
54.0772 8126
54.0912 8126
54.1053 8127
54.1193 8127
54.1333 8128
54.1474 8128
54.1614 8129
54.1754 8129
54.1895 8130
54.2035 8130
54.2175 8131
54.2316 8131
54.2456 8132
54.2596 8132
54.2737 8133
54.2877 8133
54.3018 8134
54.3158 8134
54.3298 8135
54.3439 8135
54.3579 8136
54.3719 8137
54.386 8138
54.4 8139
54.414 8140
54.4281 8141
54.4421 8142
54.4561 8142
54.4702 8142
54.4842 8142
54.4982 8143
54.5123 8143
54.5263 8144
54.5404 8145
54.5544 8146
54.5684 8146
54.5825 8147
54.5965 8147
54.6105 8148
54.6246 8148
54.6386 8149
54.6526 8150
54.6667 8151
54.6807 8152
54.6947 8153
54.7088 8154
54.7228 8154
54.7368 8155
54.7509 8155
54.7649 8156
54.7789 8156
54.793 8157
54.807 8158
54.8211 8159
54.8351 8160
54.8491 8161
54.8632 8162
54.8772 8163
54.8912 8164
54.9053 8165
54.9193 8166
54.9333 8167
54.9474 8168
54.9614 8169
54.9754 8170
54.9895 8171
55.0035 8172
55.0175 8173
55.0316 8174
55.0456 8175
55.0596 8176
55.0737 8177
55.0877 8178
55.1018 8179
55.1158 8180
55.1298 8181
55.1439 8182
55.1579 8183
55.1719 8184
55.186 8185
55.2 8186
55.214 8187
55.2281 8188
55.2421 8189
55.2561 8190
55.2702 8191
55.2842 8192
55.2982 8193
55.3123 8194
55.3263 8195
55.3404 8196
55.3544 8197
55.3684 8198
55.3825 8199
55.3965 8200
55.4105 8201
55.4246 8202
55.4386 8203
55.4526 8204
55.4667 8205
55.4807 8206
55.4947 8207
55.5088 8208
55.5228 8209
55.5368 8210
55.5509 8211
55.5649 8212
55.5789 8213
55.593 8214
55.607 8215
55.6211 8216
55.6351 8217
55.6491 8218
55.6632 8218
55.6772 8219
55.6912 8220
55.7053 8221
55.7193 8222
55.7333 8223
55.7474 8224
55.7614 8225
55.7754 8226
55.7895 8227
55.8035 8228
55.8175 8229
55.8316 8230
55.8456 8231
55.8596 8232
55.8737 8233
55.8877 8234
55.9018 8235
55.9158 8236
55.9298 8237
55.9439 8238
55.9579 8239
55.9719 8240
55.986 8321
56 8322
56.014 8323
56.0281 8324
56.0421 8325
56.0561 8326
56.0702 8327
56.0842 8328
56.0982 8329
56.1123 8330
56.1263 8331
56.1404 8332
56.1544 8333
56.1684 8334
56.1825 8335
56.1965 8336
56.2105 8337
56.2246 8338
56.2386 8339
56.2526 8340
56.2667 8341
56.2807 8342
56.2947 8343
56.3088 8344
56.3228 8345
56.3368 8346
56.3509 8347
56.3649 8348
56.3789 8349
56.393 8350
56.407 8351
56.4211 8352
56.4351 8353
56.4491 8354
56.4632 8355
56.4772 8356
56.4912 8357
56.5053 8358
56.5193 8359
56.5333 8360
56.5474 8361
56.5614 8362
56.5754 8363
56.5895 8364
56.6035 8365
56.6175 8366
56.6316 8367
56.6456 8368
56.6596 8369
56.6737 8370
56.6877 8371
56.7018 8372
56.7158 8373
56.7298 8374
56.7439 8375
56.7579 8376
56.7719 8377
56.786 8378
56.8 8379
56.814 8380
56.8281 8381
56.8421 8382
56.8561 8382
56.8702 8383
56.8842 8384
56.8982 8385
56.9123 8386
56.9263 8387
56.9404 8388
56.9544 8389
56.9684 8390
56.9825 8391
56.9965 8392
57.0105 8393
57.0246 8394
57.0386 8395
57.0526 8395
57.0667 8396
57.0807 8397
57.0947 8398
57.1088 8399
57.1228 8400
57.1368 8401
57.1509 8402
57.1649 8403
57.1789 8404
57.193 8405
57.207 8406
57.2211 8407
57.2351 8408
57.2491 8409
57.2632 8410
57.2772 8411
57.2912 8412
57.3053 8413
57.3193 8414
57.3333 8415
57.3474 8416
57.3614 8417
57.3754 8418
57.3895 8419
57.4035 8420
57.4175 8421
57.4316 8422
57.4456 8423
57.4596 8424
57.4737 8425
57.4877 8426
57.5018 8427
57.5158 8428
57.5298 8429
57.5439 8430
57.5579 8431
57.5719 8432
57.586 8433
57.6 8434
57.614 8435
57.6281 8436
57.6421 8437
57.6561 8438
57.6702 8439
57.6842 8440
57.6982 8441
57.7123 8442
57.7263 8443
57.7404 8444
57.7544 8445
57.7684 8446
57.7825 8447
57.7965 8448
57.8105 8449
57.8246 8450
57.8386 8451
57.8526 8452
57.8667 8453
57.8807 8454
57.8947 8455
57.9088 8456
57.9228 8457
57.9368 8458
57.9509 8459
57.9649 8460
57.9789 8461
57.993 8462
58.007 8463
58.0211 8464
58.0351 8465
58.0491 8466
58.0632 8467
58.0772 8468
58.0912 8469
58.1053 8470
58.1193 8471
58.1333 8471
58.1474 8472
58.1614 8473
58.1754 8474
58.1895 8475
58.2035 8476
58.2175 8477
58.2316 8478
58.2456 8479
58.2596 8480
58.2737 8481
58.2877 8482
58.3018 8483
58.3158 8484
58.3298 8485
58.3439 8486
58.3579 8487
58.3719 8488
58.386 8908
58.4 8909
58.414 8911
58.4281 8912
58.4421 8913
58.4561 8914
58.4702 8915
58.4842 8916
58.4982 8917
58.5123 8918
58.5263 8919
58.5404 8920
58.5544 8921
58.5684 8922
58.5825 8923
58.5965 8924
58.6105 8925
58.6246 8926
58.6386 8927
58.6526 8928
58.6667 8929
58.6807 8930
58.6947 8931
58.7088 8932
58.7228 8933
58.7368 8934
58.7509 8935
58.7649 8936
58.7789 8937
58.793 8938
58.807 8939
58.8211 8937
58.8351 8938
58.8491 8939
58.8632 8940
58.8772 8941
58.8912 8942
58.9053 8943
58.9193 8944
58.9333 8945
58.9474 8946
58.9614 8947
58.9754 8948
58.9895 8949
59.0035 8950
59.0175 8951
59.0316 8952
59.0456 8953
59.0596 8954
59.0737 8955
59.0877 8956
59.1018 8957
59.1158 8958
59.1298 8959
59.1439 8960
59.1579 8961
59.1719 8962
59.186 8963
59.2 8964
59.214 8965
59.2281 8966
59.2421 8967
59.2561 8968
59.2702 8969
59.2842 8970
59.2982 8971
59.3123 8972
59.3263 8973
59.3404 8974
59.3544 8975
59.3684 8976
59.3825 8977
59.3965 8978
59.4105 8979
59.4246 8980
59.4386 8981
59.4526 8982
59.4667 8983
59.4807 8984
59.4947 8985
59.5088 8986
59.5228 8986
59.5368 8987
59.5509 8988
59.5649 8989
59.5789 8990
59.593 8991
59.607 8992
59.6211 8993
59.6351 8994
59.6491 8995
59.6632 8996
59.6772 8997
59.6912 8998
59.7053 8999
59.7193 9000
59.7333 9000
59.7474 9001
59.7614 9002
59.7754 9003
59.7895 9004
59.8035 9005
59.8175 9006
59.8316 9007
59.8456 9008
59.8596 9009
59.8737 9010
59.8877 9011
59.9018 9012
59.9158 9013
59.9298 9014
59.9439 9015
59.9579 9016
59.9719 9017
59.986 9018
60 9019
60.014 9020
60.0281 9021
60.0421 9022
60.0561 9023
60.0702 9024
60.0842 9025
60.0982 9026
60.1123 9027
60.1263 9028
60.1404 9029
60.1544 9030
60.1684 9031
60.1825 9032
60.1965 9033
60.2105 9034
60.2246 9035
60.2386 9036
60.2526 9037
60.2667 9038
60.2807 9039
60.2947 9040
60.3088 9041
60.3228 9042
60.3368 9043
60.3509 9044
60.3649 9045
60.3789 9046
60.393 9047
60.407 9048
60.4211 9049
60.4351 9050
60.4491 9051
60.4632 9052
60.4772 9053
60.4912 9054
60.5053 9055
60.5193 9056
60.5333 9057
60.5474 9058
60.5614 9059
60.5754 9060
60.5895 9061
60.6035 9062
60.6175 9063
60.6316 9064
60.6456 9065
60.6596 9066
60.6737 9067
60.6877 9068
60.7018 9069
60.7158 9070
60.7298 9071
60.7439 9072
60.7579 9073
60.7719 9074
60.786 9075
60.8 9076
60.814 9077
60.8281 9078
60.8421 9079
60.8561 9080
60.8702 9081
60.8842 9082
60.8982 9083
60.9123 9084
60.9263 9085
60.9404 9086
60.9544 9087
60.9684 9088
60.9825 9089
60.9965 9090
61.0105 9090
61.0246 9091
61.0386 9092
61.0526 9093
61.0667 9094
61.0807 9095
61.0947 9096
61.1088 9097
61.1228 9098
61.1368 9098
61.1509 9099
61.1649 9100
61.1789 9101
61.193 9102
61.207 9103
61.2211 9104
61.2351 9105
61.2491 9106
61.2632 9107
61.2772 9108
61.2912 9109
61.3053 9110
61.3193 9111
61.3333 9112
61.3474 9113
61.3614 9114
61.3754 9115
61.3895 9116
61.4035 9117
61.4175 9118
61.4316 9119
61.4456 9120
61.4596 9121
61.4737 9122
61.4877 9123
61.5018 9124
61.5158 9125
61.5298 9126
61.5439 9127
61.5579 9128
61.5719 9129
61.586 9130
61.6 9131
61.614 9132
61.6281 9133
61.6421 9134
61.6561 9135
61.6702 9136
61.6842 9137
61.6982 9138
61.7123 9139
61.7263 9140
61.7404 9141
61.7544 9142
61.7684 9143
61.7825 9144
61.7965 9145
61.8105 9146
61.8246 9147
61.8386 9148
61.8526 9149
61.8667 9150
61.8807 9151
61.8947 9152
61.9088 9153
61.9228 9154
61.9368 9155
61.9509 9156
61.9649 9157
61.9789 9158
61.993 9159
62.007 9160
62.0211 9161
62.0351 9162
62.0491 9163
62.0632 9164
62.0772 9165
62.0912 9166
62.1053 9167
62.1193 9168
62.1333 9169
62.1474 9170
62.1614 9171
62.1754 9172
62.1895 9173
62.2035 9174
62.2175 9175
62.2316 9176
62.2456 9177
62.2596 9178
62.2737 9179
62.2877 9180
62.3018 9181
62.3158 9182
62.3298 9183
62.3439 9183
62.3579 9184
62.3719 9185
62.386 9186
62.4 9187
62.414 9188
62.4281 9189
62.4421 9190
62.4561 9191
62.4702 9192
62.4842 9193
62.4982 9194
62.5123 9195
62.5263 9196
62.5404 9197
62.5544 9198
62.5684 9199
62.5825 9200
62.5965 9201
62.6105 9202
62.6246 9203
62.6386 9204
62.6526 9205
62.6667 9206
62.6807 9207
62.6947 9208
62.7088 9209
62.7228 9210
62.7368 9211
62.7509 9212
62.7649 9213
62.7789 9214
62.793 9215
62.807 9216
62.8211 9217
62.8351 9218
62.8491 9219
62.8632 9220
62.8772 9221
62.8912 9462
62.9053 9463
62.9193 9464
62.9333 9465
62.9474 9466
62.9614 9467
62.9754 9468
62.9895 9469
63.0035 9470
63.0175 9471
63.0316 9472
63.0456 9473
63.0596 9474
63.0737 9475
63.0877 9475
63.1018 9476
63.1158 9477
63.1298 9478
63.1439 9479
63.1579 9480
63.1719 9481
63.186 9482
63.2 9483
63.214 9484
63.2281 9485
63.2421 9486
63.2561 9487
63.2702 9488
63.2842 9489
63.2982 9490
63.3123 9491
63.3263 9491
63.3404 9492
63.3544 9493
63.3684 9494
63.3825 9495
63.3965 9496
63.4105 9497
63.4246 9498
63.4386 9499
63.4526 9500
63.4667 9501
63.4807 9502
63.4947 9503
63.5088 9504
63.5228 9505
63.5368 9506
63.5509 9507
63.5649 9508
63.5789 9509
63.593 9510
63.607 9511
63.6211 9512
63.6351 9512
63.6491 9513
63.6632 9514
63.6772 9515
63.6912 9516
63.7053 9517
63.7193 9518
63.7333 9519
63.7474 9520
63.7614 9521
63.7754 9522
63.7895 9522
63.8035 9523
63.8175 9524
63.8316 9524
63.8456 9525
63.8596 9526
63.8737 9527
63.8877 9528
63.9018 9528
63.9158 9529
63.9298 9530
63.9439 9531
63.9579 9532
63.9719 9533
63.986 9534
64 9535
64.014 9536
64.0281 9537
64.0421 9538
64.0561 9539
64.0702 9540
64.0842 9541
64.0982 9542
64.1123 9543
64.1263 9544
64.1404 9545
64.1544 9546
64.1684 9547
64.1825 9548
64.1965 9549
64.2105 9550
64.2246 9551
64.2386 9551
64.2526 9552
64.2667 9553
64.2807 9554
64.2947 9555
64.3088 9556
64.3228 9557
64.3368 9558
64.3509 9559
64.3649 9560
64.3789 9561
64.393 9562
64.407 9563
64.4211 9564
64.4351 9565
64.4491 9566
64.4632 9567
64.4772 9568
64.4912 9780
64.5053 9781
64.5193 9783
64.5333 9784
64.5474 9785
64.5614 9786
64.5754 9787
64.5895 9788
64.6035 9789
64.6175 9790
64.6316 9791
64.6456 9792
64.6596 9793
64.6737 9794
64.6877 9795
64.7018 9796
64.7158 9797
64.7298 9798
64.7439 9799
64.7579 9800
64.7719 9801
64.786 9802
64.8 9803
64.814 9804
64.8281 9805
64.8421 9806
64.8561 9807
64.8702 9808
64.8842 9809
64.8982 9810
64.9123 9811
64.9263 9812
64.9404 9813
64.9544 9814
64.9684 9815
64.9825 9816
64.9965 9817
65.0105 9818
65.0246 9819
65.0386 9820
65.0526 9821
65.0667 9895
65.0807 9896
65.0947 9897
65.1088 9898
65.1228 9899
65.1368 9900
65.1509 9901
65.1649 9902
65.1789 9903
65.193 9904
65.207 9905
65.2211 9906
65.2351 9907
65.2491 9908
65.2632 9909
65.2772 9910
65.2912 9911
65.3053 9912
65.3193 9913
65.3333 9914
65.3474 9915
65.3614 9916
65.3754 9917
65.3895 9918
65.4035 9919
65.4175 9920
65.4316 9921
65.4456 9922
65.4596 9923
65.4737 9924
65.4877 9925
65.5018 9926
65.5158 9927
65.5298 9928
65.5439 9929
65.5579 9930
65.5719 9931
65.586 9932
65.6 9933
65.614 9934
65.6281 9935
65.6421 9936
65.6561 9937
65.6702 9938
65.6842 9939
65.6982 9940
65.7123 9941
65.7263 9942
65.7404 9943
65.7544 9944
65.7684 9945
65.7825 9946
65.7965 9947
65.8105 9948
65.8246 9948
65.8386 9949
65.8526 9950
65.8667 9951
65.8807 9952
65.8947 9953
65.9088 9954
65.9228 9955
65.9368 9956
65.9509 9957
65.9649 9958
65.9789 9989
65.993 9990
66.007 9991
66.0211 9992
66.0351 9993
66.0491 9994
66.0632 9995
66.0772 9996
66.0912 9997
66.1053 9998
66.1193 9999
66.1333 10000
66.1474 10001
66.1614 10002
66.1754 10003
66.1895 10004
66.2035 10005
66.2175 10006
66.2316 10007
66.2456 10008
66.2596 10009
66.2737 10010
66.2877 10011
66.3018 10012
66.3158 10013
66.3298 10014
66.3439 10015
66.3579 10016
66.3719 10017
66.386 10018
66.4 10019
66.414 10020
66.4281 10021
66.4421 10022
66.4561 10023
66.4702 10024
66.4842 10025
66.4982 10026
66.5123 10026
66.5263 10027
66.5404 10027
66.5544 10028
66.5684 10029
66.5825 10030
66.5965 10031
66.6105 10032
66.6246 10033
66.6386 10033
66.6526 10034
66.6667 10035
66.6807 10036
66.6947 10037
66.7088 10038
66.7228 10039
66.7368 10040
66.7509 10041
66.7649 10042
66.7789 10043
66.793 10044
66.807 10045
66.8211 10046
66.8351 10047
66.8491 10048
66.8632 10049
66.8772 10050
66.8912 10051
66.9053 10052
66.9193 10053
66.9333 10054
66.9474 10055
66.9614 10056
66.9754 10057
66.9895 10058
67.0035 10059
67.0175 10060
67.0316 10061
67.0456 10062
67.0596 10063
67.0737 10064
67.0877 10065
67.1018 10066
67.1158 10067
67.1298 10068
67.1439 10069
67.1579 10070
67.1719 10071
67.186 10072
67.2 10073
67.214 10074
67.2281 10075
67.2421 10076
67.2561 10077
67.2702 10078
67.2842 10079
67.2982 10080
67.3123 10080
67.3263 10081
67.3404 10082
67.3544 10083
67.3684 10084
67.3825 10085
67.3965 10086
67.4105 10087
67.4246 10088
67.4386 10089
67.4526 10090
67.4667 10091
67.4807 10092
67.4947 10093
67.5088 10093
67.5228 10094
67.5368 10095
67.5509 10096
67.5649 10097
67.5789 10098
67.593 10099
67.607 10100
67.6211 10101
67.6351 10102
67.6491 10103
67.6632 10104
67.6772 10105
67.6912 10106
67.7053 10107
67.7193 10108
67.7333 10109
67.7474 10110
67.7614 10111
67.7754 10112
67.7895 10113
67.8035 10114
67.8175 10115
67.8316 10116
67.8456 10117
67.8596 10118
67.8737 10119
67.8877 10120
67.9018 10121
67.9158 10122
67.9298 10123
67.9439 10124
67.9579 10125
67.9719 10126
67.986 10127
68 10128
68.014 10129
68.0281 10130
68.0421 10131
68.0561 10132
68.0702 10133
68.0842 10134
68.0982 10135
68.1123 10136
68.1263 10137
68.1404 10138
68.1544 10139
68.1684 10140
68.1825 10141
68.1965 10142
68.2105 10143
68.2246 10144
68.2386 10145
68.2526 10146
68.2667 10147
68.2807 10148
68.2947 10149
68.3088 10150
68.3228 10150
68.3368 10151
68.3509 10152
68.3649 10153
68.3789 10154
68.393 10155
68.407 10156
68.4211 10157
68.4351 10158
68.4491 10159
68.4632 10160
68.4772 10161
68.4912 10162
68.5053 10163
68.5193 10164
68.5333 10165
68.5474 10166
68.5614 10167
68.5754 10168
68.5895 10169
68.6035 10170
68.6175 10171
68.6316 10172
68.6456 10173
68.6596 10174
68.6737 10175
68.6877 10176
68.7018 10177
68.7158 10178
68.7298 10179
68.7439 10180
68.7579 10181
68.7719 10182
68.786 10247
68.8 10248
68.814 10248
68.8281 10249
68.8421 10250
68.8561 10251
68.8702 10252
68.8842 10253
68.8982 10254
68.9123 10255
68.9263 10256
68.9404 10257
68.9544 10258
68.9684 10259
68.9825 10260
68.9965 10261
69.0105 10262
69.0246 10263
69.0386 10264
69.0526 10265
69.0667 10266
69.0807 10267
69.0947 10268
69.1088 10269
69.1228 10270
69.1368 10271
69.1509 10272
69.1649 10273
69.1789 10274
69.193 10275
69.207 10276
69.2211 10277
69.2351 10278
69.2491 10392
69.2632 10393
69.2772 10394
69.2912 10395
69.3053 10396
69.3193 10404
69.3333 10405
69.3474 10406
69.3614 10407
69.3754 10408
69.3895 10409
69.4035 10410
69.4175 10411
69.4316 10412
69.4456 10413
69.4596 10414
69.4737 10415
69.4877 10416
69.5018 10417
69.5158 10418
69.5298 10419
69.5439 10420
69.5579 10421
69.5719 10422
69.586 10423
69.6 10424
69.614 10425
69.6281 10426
69.6421 10426
69.6561 10427
69.6702 10428
69.6842 10429
69.6982 10430
69.7123 10431
69.7263 10432
69.7404 10433
69.7544 10434
69.7684 10435
69.7825 10436
69.7965 10437
69.8105 10438
69.8246 10439
69.8386 10440
69.8526 10441
69.8667 10442
69.8807 10443
69.8947 10444
69.9088 10445
69.9228 10446
69.9368 10447
69.9509 10448
69.9649 10449
69.9789 10450
69.993 10451
70.007 10452
70.0211 10453
70.0351 10454
70.0491 10455
70.0632 10456
70.0772 10457
70.0912 10458
70.1053 10459
70.1193 10460
70.1333 10461
70.1474 10462
70.1614 10463
70.1754 10464
70.1895 10465
70.2035 10466
70.2175 10467
70.2316 10468
70.2456 10469
70.2596 10470
70.2737 10471
70.2877 10472
70.3018 10473
70.3158 10474
70.3298 10475
70.3439 10476
70.3579 10477
70.3719 10478
70.386 10479
70.4 10480
70.414 10481
70.4281 10482
70.4421 10483
70.4561 10484
70.4702 10485
70.4842 10486
70.4982 10487
70.5123 10488
70.5263 10489
70.5404 10490
70.5544 10491
70.5684 10492
70.5825 10493
70.5965 10494
70.6105 10495
70.6246 10496
70.6386 10497
70.6526 10498
70.6667 10499
70.6807 10500
70.6947 10501
70.7088 10502
70.7228 10503
70.7368 10504
70.7509 10505
70.7649 10506
70.7789 10507
70.793 10508
70.807 10509
70.8211 10510
70.8351 10511
70.8491 10512
70.8632 10513
70.8772 10514
70.8912 10515
70.9053 10516
70.9193 10517
70.9333 10518
70.9474 10519
70.9614 10520
70.9754 10521
70.9895 10522
71.0035 10523
71.0175 10524
71.0316 10525
71.0456 10526
71.0596 10527
71.0737 10528
71.0877 10529
71.1018 10530
71.1158 10531
71.1298 10532
71.1439 10533
71.1579 10534
71.1719 10535
71.186 10536
71.2 10537
71.214 10538
71.2281 10539
71.2421 10540
71.2561 10541
71.2702 10542
71.2842 10543
71.2982 10544
71.3123 10545
71.3263 10546
71.3404 10547
71.3544 10548
71.3684 10549
71.3825 10550
71.3965 10551
71.4105 10552
71.4246 10553
71.4386 10554
71.4526 10555
71.4667 10556
71.4807 10557
71.4947 10558
71.5088 10559
71.5228 10560
71.5368 10561
71.5509 10562
71.5649 10563
71.5789 10564
71.593 10565
71.607 10566
71.6211 10567
71.6351 10568
71.6491 10569
71.6632 10570
71.6772 10571
71.6912 10572
71.7053 10573
71.7193 10574
71.7333 10575
71.7474 10576
71.7614 10577
71.7754 10578
71.7895 10579
71.8035 10580
71.8175 10581
71.8316 10582
71.8456 10583
71.8596 10584
71.8737 10585
71.8877 10586
71.9018 10587
71.9158 10588
71.9298 10589
71.9439 10590
71.9579 10591
71.9719 10592
71.986 10593
72 10594
72.014 10595
72.0281 10596
72.0421 10597
72.0561 10598
72.0702 10599
72.0842 10600
72.0982 10601
72.1123 10602
72.1263 10603
72.1404 10604
72.1544 10605
72.1684 10606
72.1825 10607
72.1965 10608
72.2105 10609
72.2246 10610
72.2386 10611
72.2526 10612
72.2667 10613
72.2807 10718
72.2947 10719
72.3088 10720
72.3228 10721
72.3368 10722
72.3509 10723
72.3649 10724
72.3789 10725
72.393 10726
72.407 10727
72.4211 10728
72.4351 10729
72.4491 10730
72.4632 10731
72.4772 10732
72.4912 10733
72.5053 10734
72.5193 10735
72.5333 10736
72.5474 10737
72.5614 10738
72.5754 10739
72.5895 10740
72.6035 10741
72.6175 10742
72.6316 10743
72.6456 10744
72.6596 10745
72.6737 10746
72.6877 10747
72.7018 10748
72.7158 10749
72.7298 10750
72.7439 10751
72.7579 10752
72.7719 10753
72.786 10754
72.8 10755
72.814 10756
72.8281 10757
72.8421 10758
72.8561 10759
72.8702 10760
72.8842 10761
72.8982 10762
72.9123 10763
72.9263 10764
72.9404 10765
72.9544 10766
72.9684 10767
72.9825 10768
72.9965 10769
73.0105 10770
73.0246 10771
73.0386 10772
73.0526 10773
73.0667 10774
73.0807 10775
73.0947 10776
73.1088 10777
73.1228 10778
73.1368 10779
73.1509 10780
73.1649 10781
73.1789 10782
73.193 10783
73.207 10784
73.2211 10785
73.2351 10786
73.2491 10787
73.2632 10788
73.2772 10789
73.2912 10790
73.3053 10791
73.3193 10792
73.3333 10793
73.3474 10794
73.3614 10795
73.3754 10796
73.3895 10797
73.4035 10798
73.4175 10799
73.4316 10800
73.4456 10801
73.4596 10802
73.4737 10803
73.4877 10804
73.5018 10805
73.5158 10806
73.5298 10807
73.5439 10808
73.5579 10809
73.5719 10810
73.586 10811
73.6 10812
73.614 10813
73.6281 10814
73.6421 10815
73.6561 10816
73.6702 10817
73.6842 10818
73.6982 10819
73.7123 10820
73.7263 10821
73.7404 10822
73.7544 10823
73.7684 10824
73.7825 10825
73.7965 10826
73.8105 10827
73.8246 10828
73.8386 10829
73.8526 10830
73.8667 10831
73.8807 10832
73.8947 10833
73.9088 10834
73.9228 10835
73.9368 10836
73.9509 10837
73.9649 10838
73.9789 10839
73.993 10840
74.007 10841
74.0211 10842
74.0351 10843
74.0491 10844
74.0632 10845
74.0772 10846
74.0912 10847
74.1053 10848
74.1193 10849
74.1333 10850
74.1474 10851
74.1614 10852
74.1754 10853
74.1895 10854
74.2035 10855
74.2175 10856
74.2316 10857
74.2456 10858
74.2596 10859
74.2737 10860
74.2877 10861
74.3018 10862
74.3158 10863
74.3298 10864
74.3439 10865
74.3579 10866
74.3719 10867
74.386 10868
74.4 10869
74.414 10870
74.4281 10871
74.4421 10872
74.4561 10873
74.4702 10874
74.4842 10875
74.4982 10876
74.5123 10877
74.5263 10878
74.5404 10879
74.5544 10880
74.5684 10881
74.5825 10882
74.5965 10883
74.6105 10884
74.6246 10885
74.6386 10886
74.6526 10887
74.6667 10888
74.6807 10889
74.6947 10890
74.7088 10891
74.7228 10892
74.7368 10893
74.7509 10894
74.7649 10895
74.7789 10896
74.793 10897
74.807 10898
74.8211 10899
74.8351 10900
74.8491 10901
74.8632 10902
74.8772 10903
74.8912 10904
74.9053 10905
74.9193 10906
74.9333 10907
74.9474 10908
74.9614 10909
74.9754 10910
74.9895 10911
75.0035 10912
75.0175 10913
75.0316 10914
75.0456 10915
75.0596 10916
75.0737 10917
75.0877 10918
75.1018 10919
75.1158 10920
75.1298 10921
75.1439 10922
75.1579 10923
75.1719 10924
75.186 10925
75.2 10925
75.214 10926
75.2281 10927
75.2421 10928
75.2561 10929
75.2702 10930
75.2842 10931
75.2982 10932
75.3123 10933
75.3263 10934
75.3404 10935
75.3544 10936
75.3684 10937
75.3825 10938
75.3965 10939
75.4105 10940
75.4246 10941
75.4386 10942
75.4526 10943
75.4667 10944
75.4807 10945
75.4947 10946
75.5088 10947
75.5228 10948
75.5368 10949
75.5509 10950
75.5649 10951
75.5789 10952
75.593 10953
75.607 10954
75.6211 10955
75.6351 10956
75.6491 10957
75.6632 10958
75.6772 10959
75.6912 10960
75.7053 10961
75.7193 10962
75.7333 10963
75.7474 10964
75.7614 10965
75.7754 10966
75.7895 10967
75.8035 10968
75.8175 10969
75.8316 10970
75.8456 10971
75.8596 10972
75.8737 10973
75.8877 10974
75.9018 10975
75.9158 10976
75.9298 10977
75.9439 10978
75.9579 10979
75.9719 10980
75.986 10981
76 10982
76.014 10983
76.0281 10984
76.0421 10985
76.0561 10986
76.0702 10987
76.0842 10988
76.0982 10989
76.1123 10990
76.1263 10991
76.1404 10992
76.1544 10993
76.1684 10994
76.1825 10995
76.1965 10996
76.2105 10997
76.2246 10998
76.2386 10999
76.2526 11000
76.2667 11001
76.2807 11002
76.2947 11003
76.3088 11004
76.3228 11005
76.3368 11006
76.3509 11007
76.3649 11008
76.3789 11009
76.393 11010
76.407 11011
76.4211 11012
76.4351 11013
76.4491 11014
76.4632 11015
76.4772 11016
76.4912 11017
76.5053 11018
76.5193 11019
76.5333 11020
76.5474 11021
76.5614 11022
76.5754 11023
76.5895 11024
76.6035 11025
76.6175 11026
76.6316 11027
76.6456 11028
76.6596 11029
76.6737 11030
76.6877 11031
76.7018 11032
76.7158 11033
76.7298 11034
76.7439 11035
76.7579 11036
76.7719 11037
76.786 11038
76.8 11039
76.814 11040
76.8281 11040
76.8421 11041
76.8561 11041
76.8702 11042
76.8842 11043
76.8982 11044
76.9123 11045
76.9263 11046
76.9404 11047
76.9544 11048
76.9684 11049
76.9825 11050
76.9965 11051
77.0105 11052
77.0246 11053
77.0386 11054
77.0526 11055
77.0667 11056
77.0807 11057
77.0947 11058
77.1088 11059
77.1228 11060
77.1368 11061
77.1509 11062
77.1649 11063
77.1789 11064
77.193 11065
77.207 11066
77.2211 11067
77.2351 11243
77.2491 11244
77.2632 11245
77.2772 11246
77.2912 11247
77.3053 12354
77.3193 12355
77.3333 12356
77.3474 12359
77.3614 12360
77.3754 12361
77.3895 12362
77.4035 12363
77.4175 12364
77.4316 12365
77.4456 12366
77.4596 12367
77.4737 12368
77.4877 12369
77.5018 12370
77.5158 12371
77.5298 11264
77.5439 11264
77.5579 11265
77.5719 11266
77.586 11267
77.6 11268
77.614 11269
77.6281 11270
77.6421 11271
77.6561 11272
77.6702 11273
77.6842 11274
