0.0135373 2
0.0270746 3
0.0406119 4
0.0541492 5
0.0676865 6
0.0812238 7
0.0947611 8
0.108298 9
0.121836 10
0.135373 10
0.14891 11
0.162448 11
0.175985 12
0.189522 12
0.203059 13
0.216597 13
0.230134 14
0.243671 14
0.257209 15
0.270746 15
0.284283 16
0.29782 16
0.311358 17
0.324895 17
0.338432 18
0.35197 18
0.365507 19
0.379044 19
0.392582 20
0.406119 20
0.419656 21
0.433193 21
0.446731 22
0.460268 22
0.473805 23
0.487343 23
0.50088 24
0.514417 24
0.527955 25
0.541492 25
0.555029 26
0.568566 26
0.582104 27
0.595641 27
0.609178 28
0.622716 28
0.636253 29
0.64979 29
0.663327 30
0.676865 30
0.690402 31
0.703939 31
0.717477 32
0.731014 32
0.744551 33
0.758089 33
0.771626 34
0.785163 34
0.7987 35
0.812238 36
0.825775 36
0.839312 37
0.85285 37
0.866387 38
0.879924 38
0.893461 39
0.906999 39
0.920536 40
0.934073 40
0.947611 41
0.961148 41
0.974685 42
0.988223 42
1.00176 43
1.0153 43
1.02883 44
1.04237 44
1.05591 45
1.06945 45
1.08298 46
1.09652 46
1.11006 47
1.1236 47
1.13713 48
1.15067 48
1.16421 49
1.17774 49
1.19128 50
1.20482 50
1.21836 51
1.23189 51
1.24543 52
1.25897 52
1.27251 53
1.28604 53
1.29958 54
1.31312 54
1.32665 55
1.34019 55
1.35373 56
1.36727 56
1.3808 57
1.39434 57
1.40788 58
1.42142 58
1.43495 59
1.44849 59
1.46203 60
1.47557 60
1.4891 61
1.50264 61
1.51618 62
1.52971 62
1.54325 63
1.55679 63
1.57033 64
1.58386 64
1.5974 65
1.61094 65
1.62448 66
1.63801 66
1.65155 67
1.66509 67
1.67862 68
1.69216 68
1.7057 69
1.71924 69
1.73277 70
1.74631 70
1.75985 71
1.77339 71
1.78692 72
1.80046 72
1.814 73
1.82753 73
1.84107 74
1.85461 74
1.86815 75
1.88168 75
1.89522 76
1.90876 76
1.9223 77
1.93583 77
1.94937 78
1.96291 78
1.97645 79
1.98998 79
2.00352 80
2.01706 80
2.03059 81
2.04413 81
2.05767 82
2.07121 82
2.08474 83
2.09828 83
2.11182 84
2.12536 84
2.13889 85
2.15243 85
2.16597 86
2.1795 86
2.19304 87
2.20658 87
2.22012 88
2.23365 88
2.24719 89
2.26073 89
2.27427 90
2.2878 90
2.30134 91
2.31488 91
2.32841 92
2.34195 92
2.35549 93
2.36903 93
2.38256 94
2.3961 94
2.40964 95
2.42318 95
2.43671 96
2.45025 96
2.46379 97
2.47733 97
2.49086 98
2.5044 98
2.51794 99
2.53147 99
2.54501 100
2.55855 100
2.57209 101
2.58562 101
2.59916 102
2.6127 102
2.62624 103
2.63977 103
2.65331 104
2.66685 104
2.68038 105
2.69392 105
2.70746 106
2.721 106
2.73453 107
2.74807 107
2.76161 108
2.77515 108
2.78868 109
2.80222 109
2.81576 110
2.82929 110
2.84283 111
2.85637 111
2.86991 112
2.88344 112
2.89698 113
2.91052 114
2.92406 115
2.93759 116
2.95113 117
2.96467 118
2.9782 119
2.99174 120
3.00528 121
3.01882 121
3.03235 122
3.04589 122
3.05943 123
3.07297 123
3.0865 124
3.10004 125
3.11358 126
3.12712 127
3.14065 127
3.15419 128
3.16773 128
3.18126 129
3.1948 129
3.20834 130
3.22188 130
3.23541 131
3.24895 131
3.26249 132
3.27603 132
3.28956 133
3.3031 133
3.31664 134
3.33017 134
3.34371 135
3.35725 135
3.37079 136
3.38432 136
3.39786 137
3.4114 137
3.42494 138
3.43847 138
3.45201 139
3.46555 139
3.47908 140
3.49262 140
3.50616 141
3.5197 141
3.53323 142
3.54677 142
3.56031 143
3.57385 143
3.58738 144
3.60092 144
3.61446 145
3.628 145
3.64153 146
3.65507 146
3.66861 147
3.68214 147
3.69568 148
3.70922 148
3.72276 149
3.73629 149
3.74983 150
3.76337 150
3.77691 151
3.79044 151
3.80398 152
3.81752 152
3.83105 153
3.84459 153
3.85813 154
3.87167 154
3.8852 155
3.89874 155
3.91228 156
3.92582 156
3.93935 157
3.95289 157
3.96643 158
3.97996 158
3.9935 159
4.00704 159
4.02058 160
4.03411 160
4.04765 161
4.06119 161
4.07473 162
4.08826 163
4.1018 164
4.11534 165
4.12888 166
4.14241 167
4.15595 167
4.16949 168
4.18302 168
4.19656 169
4.2101 169
4.22364 170
4.23717 170
4.25071 171
4.26425 171
4.27779 172
4.29132 172
4.30486 173
4.3184 173
4.33193 174
4.34547 174
4.35901 175
4.37255 175
4.38608 176
4.39962 176
4.41316 177
4.4267 177
4.44023 178
4.45377 178
4.46731 179
4.48084 179
4.49438 180
4.50792 180
4.52146 181
4.53499 181
4.54853 182
4.56207 182
4.57561 183
4.58914 183
4.60268 184
4.61622 184
4.62975 185
4.64329 185
4.65683 186
4.67037 186
4.6839 187
4.69744 187
4.71098 188
4.72452 188
4.73805 189
4.75159 189
4.76513 190
4.77867 190
4.7922 191
4.80574 191
4.81928 192
4.83281 192
4.84635 193
4.85989 193
4.87343 194
4.88696 194
4.9005 195
4.91404 195
4.92758 196
4.94111 196
4.95465 197
4.96819 197
4.98172 198
4.99526 198
5.0088 199
5.02234 199
5.03587 200
5.04941 200
5.06295 201
5.07649 201
5.09002 202
5.10356 202
5.1171 203
5.13063 203
5.14417 204
5.15771 204
5.17125 205
5.18478 205
5.19832 206
5.21186 206
5.2254 207
5.23893 207
5.25247 208
5.26601 208
5.27955 209
5.29308 209
5.30662 210
5.32016 210
5.33369 211
5.34723 211
5.36077 212
5.37431 212
5.38784 213
5.40138 213
5.41492 214
5.42846 214
5.44199 215
5.45553 215
5.46907 216
5.4826 216
5.49614 217
5.50968 217
5.52322 218
5.53675 218
5.55029 219
5.56383 219
5.57737 220
5.5909 220
5.60444 221
5.61798 221
5.63151 222
5.64505 222
5.65859 223
5.67213 223
5.68566 224
5.6992 224
5.71274 225
5.72628 225
5.73981 226
5.75335 226
5.76689 227
5.78043 227
5.79396 228
5.8075 228
5.82104 229
5.83457 229
5.84811 230
5.86165 230
5.87519 231
5.88872 231
5.90226 232
5.9158 232
5.92934 233
5.94287 233
5.95641 234
5.96995 234
5.98348 235
5.99702 235
6.01056 236
6.0241 236
6.03763 237
6.05117 237
6.06471 238
6.07825 238
6.09178 239
6.10532 239
6.11886 240
6.13239 240
6.14593 241
6.15947 241
6.17301 242
6.18654 242
6.20008 243
6.21362 243
6.22716 244
6.24069 244
6.25423 245
6.26777 245
6.2813 246
6.29484 246
6.30838 247
6.32192 247
6.33545 248
6.34899 248
6.36253 249
6.37607 249
6.3896 250
6.40314 250
6.41668 251
6.43022 251
6.44375 252
6.45729 252
6.47083 253
6.48436 253
6.4979 254
6.51144 254
6.52498 255
6.53851 255
6.55205 256
6.56559 256
6.57913 257
6.59266 257
6.6062 258
6.61974 258
6.63327 259
6.64681 259
6.66035 260
6.67389 260
6.68742 261
6.70096 261
6.7145 262
6.72804 262
6.74157 263
6.75511 263
6.76865 264
6.78218 264
6.79572 265
6.80926 265
6.8228 266
6.83633 266
6.84987 267
6.86341 268
6.87695 269
6.89048 270
6.90402 270
6.91756 271
6.9311 271
6.94463 272
6.95817 272
6.97171 273
6.98524 273
6.99878 274
7.01232 274
7.02586 275
7.03939 275
7.05293 276
7.06647 276
7.08001 277
7.09354 277
7.10708 278
7.12062 278
7.13415 279
7.14769 279
7.16123 280
7.17477 280
7.1883 281
7.20184 281
7.21538 282
7.22892 283
7.24245 284
7.25599 285
7.26953 286
7.28306 287
7.2966 288
7.31014 289
7.32368 290
7.33721 291
7.35075 292
7.36429 292
7.37783 293
7.39136 294
7.4049 295
7.41844 296
7.43198 297
7.44551 298
7.45905 299
7.47259 300
7.48612 301
7.49966 302
7.5132 303
7.52674 303
7.54027 304
7.55381 305
7.56735 306
7.58089 307
7.59442 308
7.60796 309
7.6215 310
7.63503 311
7.64857 312
7.66211 313
7.67565 314
7.68918 315
7.70272 316
7.71626 317
7.7298 318
7.74333 319
7.75687 320
7.77041 321
7.78394 322
7.79748 323
7.81102 324
7.82456 325
7.83809 326
7.85163 327
7.86517 328
7.87871 329
7.89224 330
7.90578 331
7.91932 332
7.93286 333
7.94639 334
7.95993 335
7.97347 336
7.987 337
8.00054 338
8.01408 339
8.02762 340
8.04115 341
8.05469 342
8.06823 343
8.08177 344
8.0953 345
8.10884 346
8.12238 347
8.13591 348
8.14945 349
8.16299 350
8.17653 351
8.19006 352
8.2036 353
8.21714 354
8.23068 355
8.24421 356
8.25775 357
8.27129 358
8.28482 359
8.29836 360
8.3119 361
8.32544 362
8.33897 363
8.35251 364
8.36605 365
8.37959 366
8.39312 367
8.40666 368
8.4202 369
8.43373 370
8.44727 371
8.46081 372
8.47435 373
8.48788 374
8.50142 375
8.51496 376
8.5285 377
8.54203 378
8.55557 379
8.56911 380
8.58265 381
8.59618 382
8.60972 383
8.62326 384
8.63679 385
8.65033 386
8.66387 387
8.67741 388
8.69094 389
8.70448 390
8.71802 391
8.73156 392
8.74509 393
8.75863 394
8.77217 395
8.7857 396
8.79924 397
8.81278 398
8.82632 399
8.83985 400
8.85339 401
8.86693 402
8.88047 403
8.894 404
8.90754 405
8.92108 406
8.93461 407
8.94815 408
8.96169 409
8.97523 410
8.98876 411
9.0023 412
9.01584 413
9.02938 414
9.04291 415
9.05645 416
9.06999 417
9.08353 418
9.09706 419
9.1106 420
9.12414 421
9.13767 422
9.15121 423
9.16475 424
9.17829 425
9.19182 426
9.20536 427
9.2189 428
9.23244 429
9.24597 430
9.25951 431
9.27305 432
9.28658 433
9.30012 434
9.31366 435
9.3272 436
9.34073 437
9.35427 438
9.36781 439
9.38135 440
9.39488 441
9.40842 442
9.42196 443
9.43549 444
9.44903 445
9.46257 446
9.47611 447
9.48964 448
9.50318 449
9.51672 450
9.53026 451
9.54379 452
9.55733 453
9.57087 454
9.58441 455
9.59794 456
9.61148 457
9.62502 458
9.63855 459
9.65209 460
9.66563 461
9.67917 462
9.6927 463
9.70624 464
9.71978 465
9.73332 466
9.74685 467
9.76039 468
9.77393 469
9.78746 470
9.801 471
9.81454 472
9.82808 473
9.84161 474
9.85515 475
9.86869 476
9.88223 477
9.89576 478
9.9093 479
9.92284 480
9.93637 481
9.94991 482
9.96345 483
9.97699 484
9.99052 485
10.0041 486
10.0176 487
10.0311 488
10.0447 489
10.0582 490
10.0717 491
10.0853 492
10.0988 493
10.1124 494
10.1259 495
10.1394 496
10.153 497
10.1665 498
10.18 499
10.1936 500
10.2071 501
10.2207 502
10.2342 503
10.2477 504
10.2613 505
10.2748 506
10.2883 507
10.3019 508
10.3154 509
10.329 510
10.3425 511
10.356 512
10.3696 513
10.3831 514
10.3966 515
10.4102 516
10.4237 517
10.4373 518
10.4508 519
10.4643 520
10.4779 521
10.4914 522
10.5049 523
10.5185 524
10.532 525
10.5456 526
10.5591 527
10.5726 528
10.5862 529
10.5997 530
10.6132 531
10.6268 532
10.6403 533
10.6539 534
10.6674 535
10.6809 536
10.6945 537
10.708 538
10.7215 539
10.7351 540
10.7486 541
10.7621 542
10.7757 543
10.7892 544
10.8028 545
10.8163 546
10.8298 547
10.8434 548
10.8569 549
10.8704 550
10.884 551
10.8975 552
10.9111 553
10.9246 554
10.9381 555
10.9517 556
10.9652 557
10.9787 558
10.9923 559
11.0058 560
11.0194 561
11.0329 562
11.0464 563
11.06 564
11.0735 565
11.087 566
11.1006 567
11.1141 568
11.1277 569
11.1412 570
11.1547 571
11.1683 572
11.1818 573
11.1953 574
11.2089 575
11.2224 576
11.236 577
11.2495 578
11.263 579
11.2766 580
11.2901 581
11.3036 582
11.3172 583
11.3307 584
11.3443 585
11.3578 586
11.3713 587
11.3849 588
11.3984 589
11.4119 590
11.4255 591
11.439 592
11.4526 593
11.4661 594
11.4796 595
11.4932 596
11.5067 597
11.5202 598
11.5338 599
11.5473 600
11.5609 601
11.5744 602
11.5879 603
11.6015 604
11.615 605
11.6285 606
11.6421 607
11.6556 608
11.6691 609
11.6827 610
11.6962 611
11.7098 612
11.7233 613
11.7368 614
11.7504 615
11.7639 616
11.7774 617
11.791 618
11.8045 619
11.8181 620
11.8316 621
11.8451 622
11.8587 623
11.8722 624
11.8857 625
11.8993 626
11.9128 627
11.9264 628
11.9399 629
11.9534 630
11.967 631
11.9805 632
11.994 633
12.0076 634
12.0211 635
12.0347 636
12.0482 637
12.0617 638
12.0753 639
12.0888 640
12.1023 641
12.1159 642
12.1294 643
12.143 644
12.1565 645
12.17 646
12.1836 647
12.1971 648
12.2106 649
12.2242 650
12.2377 651
12.2513 652
12.2648 653
12.2783 654
12.2919 655
12.3054 656
12.3189 657
12.3325 658
12.346 659
12.3596 660
12.3731 661
12.3866 662
12.4002 663
12.4137 664
12.4272 665
12.4408 666
12.4543 667
12.4678 668
12.4814 669
12.4949 670
12.5085 671
12.522 672
12.5355 673
12.5491 674
12.5626 675
12.5761 676
12.5897 677
12.6032 678
12.6168 679
12.6303 680
12.6438 681
12.6574 682
12.6709 683
12.6844 684
12.698 685
12.7115 686
12.7251 687
12.7386 688
12.7521 689
12.7657 690
12.7792 691
12.7927 692
12.8063 693
12.8198 694
12.8334 695
12.8469 696
12.8604 697
12.874 698
12.8875 699
12.901 700
12.9146 701
12.9281 702
12.9417 703
12.9552 704
12.9687 705
12.9823 706
12.9958 707
13.0093 708
13.0229 709
13.0364 710
13.05 711
13.0635 712
13.077 713
13.0906 714
13.1041 715
13.1176 716
13.1312 717
13.1447 718
13.1583 719
13.1718 720
13.1853 721
13.1989 722
13.2124 723
13.2259 724
13.2395 725
13.253 726
13.2665 727
13.2801 728
13.2936 729
13.3072 730
13.3207 731
13.3342 732
13.3478 733
13.3613 734
13.3748 735
13.3884 736
13.4019 737
13.4155 738
13.429 739
13.4425 740
13.4561 741
13.4696 742
13.4831 743
13.4967 744
13.5102 745
13.5238 746
13.5373 747
13.5508 748
13.5644 749
13.5779 750
13.5914 751
13.605 752
13.6185 753
13.6321 754
13.6456 755
13.6591 756
13.6727 757
13.6862 758
13.6997 759
13.7133 760
13.7268 761
13.7404 762
13.7539 763
13.7674 764
13.781 765
13.7945 766
13.808 767
13.8216 768
13.8351 769
13.8487 770
13.8622 771
13.8757 772
13.8893 773
13.9028 774
13.9163 775
13.9299 776
13.9434 777
13.957 778
13.9705 779
13.984 780
13.9976 781
14.0111 782
14.0246 783
14.0382 784
14.0517 785
14.0652 786
14.0788 787
14.0923 788
14.1059 789
14.1194 790
14.1329 791
14.1465 792
14.16 793
14.1735 794
14.1871 795
14.2006 796
14.2142 797
14.2277 798
14.2412 799
14.2548 800
14.2683 801
14.2818 802
14.2954 803
14.3089 804
14.3225 805
14.336 806
14.3495 807
14.3631 808
14.3766 809
14.3901 810
14.4037 811
14.4172 812
14.4308 813
14.4443 814
14.4578 815
14.4714 816
14.4849 817
14.4984 818
14.512 819
14.5255 820
14.5391 821
14.5526 822
14.5661 823
14.5797 824
14.5932 825
14.6067 826
14.6203 827
14.6338 828
14.6474 829
14.6609 830
14.6744 831
14.688 832
14.7015 833
14.715 834
14.7286 835
14.7421 836
14.7557 837
14.7692 838
14.7827 839
14.7963 840
14.8098 841
14.8233 842
14.8369 843
14.8504 844
14.864 845
14.8775 846
14.891 847
14.9046 848
14.9181 849
14.9316 850
14.9452 851
14.9587 852
14.9722 853
14.9858 854
14.9993 855
15.0129 856
15.0264 857
15.0399 858
15.0535 859
15.067 860
15.0805 861
15.0941 862
15.1076 863
15.1212 864
15.1347 865
15.1482 866
15.1618 867
15.1753 868
15.1888 869
15.2024 870
15.2159 871
15.2295 872
15.243 873
15.2565 874
15.2701 875
15.2836 876
15.2971 877
15.3107 878
15.3242 879
15.3378 880
15.3513 881
15.3648 882
15.3784 883
15.3919 884
15.4054 885
15.419 886
15.4325 887
15.4461 888
15.4596 889
15.4731 890
15.4867 891
15.5002 892
15.5137 893
15.5273 894
15.5408 895
15.5544 896
15.5679 897
15.5814 898
15.595 899
15.6085 900
15.622 901
15.6356 902
15.6491 903
15.6627 904
15.6762 905
15.6897 906
15.7033 907
15.7168 908
15.7303 909
15.7439 910
15.7574 911
15.7709 912
15.7845 913
15.798 914
15.8116 915
15.8251 916
15.8386 917
15.8522 918
15.8657 919
15.8792 920
15.8928 921
15.9063 922
15.9199 923
15.9334 924
15.9469 925
15.9605 926
15.974 927
15.9875 928
16.0011 929
16.0146 930
16.0282 931
16.0417 932
16.0552 933
16.0688 934
16.0823 935
16.0958 936
16.1094 937
16.1229 938
16.1365 939
16.15 940
16.1635 941
16.1771 942
16.1906 943
16.2041 944
16.2177 945
16.2312 946
16.2448 947
16.2583 948
16.2718 949
16.2854 950
16.2989 951
16.3124 952
16.326 953
16.3395 954
16.3531 955
16.3666 956
16.3801 957
16.3937 958
16.4072 959
16.4207 960
16.4343 961
16.4478 962
16.4614 963
16.4749 964
16.4884 965
16.502 966
16.5155 967
16.529 968
16.5426 969
16.5561 970
16.5696 971
16.5832 972
16.5967 973
16.6103 974
16.6238 975
16.6373 976
16.6509 977
16.6644 978
16.6779 979
16.6915 980
16.705 981
16.7186 982
16.7321 983
16.7456 984
16.7592 985
16.7727 986
16.7862 987
16.7998 988
16.8133 989
16.8269 990
16.8404 991
16.8539 992
16.8675 993
16.881 994
16.8945 995
16.9081 996
16.9216 997
16.9352 998
16.9487 999
16.9622 1000
16.9758 1001
16.9893 1002
17.0028 1003
17.0164 1004
17.0299 1005
17.0435 1006
17.057 1007
17.0705 1008
17.0841 1009
17.0976 1010
17.1111 1011
17.1247 1012
17.1382 1013
17.1518 1014
17.1653 1015
17.1788 1016
17.1924 1017
17.2059 1018
17.2194 1019
17.233 1020
17.2465 1021
17.2601 1022
17.2736 1023
17.2871 1024
17.3007 1025
17.3142 1026
17.3277 1027
17.3413 1028
17.3548 1029
17.3683 1030
17.3819 1031
17.3954 1032
17.409 1033
17.4225 1034
17.436 1035
17.4496 1036
17.4631 1037
17.4766 1038
17.4902 1039
17.5037 1040
17.5173 1041
17.5308 1042
17.5443 1043
17.5579 1044
17.5714 1045
17.5849 1046
17.5985 1047
17.612 1048
17.6256 1049
17.6391 1050
17.6526 1051
17.6662 1052
17.6797 1053
17.6932 1054
17.7068 1055
17.7203 1056
17.7339 1057
17.7474 1058
17.7609 1059
17.7745 1060
17.788 1061
17.8015 1062
17.8151 1063
17.8286 1064
17.8422 1065
17.8557 1066
17.8692 1067
17.8828 1068
17.8963 1069
17.9098 1070
17.9234 1071
17.9369 1072
17.9505 1073
17.964 1074
17.9775 1075
17.9911 1076
18.0046 1077
18.0181 1078
18.0317 1079
18.0452 1080
18.0588 1081
18.0723 1082
18.0858 1083
18.0994 1084
18.1129 1085
18.1264 1086
18.14 1087
18.1535 1088
18.1671 1089
18.1806 1090
18.1941 1091
18.2077 1092
18.2212 1093
18.2347 1094
18.2483 1095
18.2618 1096
18.2753 1097
18.2889 1098
18.3024 1099
18.316 1100
18.3295 1101
18.343 1102
18.3566 1103
18.3701 1104
18.3836 1105
18.3972 1106
18.4107 1107
18.4243 1108
18.4378 1109
18.4513 1110
18.4649 1111
18.4784 1112
18.4919 1113
18.5055 1114
18.519 1115
18.5326 1116
18.5461 1117
18.5596 1118
18.5732 1119
18.5867 1120
18.6002 1121
18.6138 1122
18.6273 1123
18.6409 1124
18.6544 1125
18.6679 1126
18.6815 1127
18.695 1128
18.7085 1129
18.7221 1130
18.7356 1131
18.7492 1132
18.7627 1133
18.7762 1134
18.7898 1135
18.8033 1136
18.8168 1137
18.8304 1138
18.8439 1139
18.8575 1140
18.871 1141
18.8845 1142
18.8981 1143
18.9116 1144
18.9251 1145
18.9387 1146
18.9522 1147
18.9658 1148
18.9793 1149
18.9928 1150
19.0064 1151
19.0199 1152
19.0334 1153
19.047 1154
19.0605 1155
19.074 1156
19.0876 1157
19.1011 1158
19.1147 1159
19.1282 1160
19.1417 1161
19.1553 1162
19.1688 1163
19.1823 1164
19.1959 1165
19.2094 1166
19.223 1167
19.2365 1168
19.25 1169
19.2636 1170
19.2771 1171
19.2906 1172
19.3042 1173
19.3177 1174
19.3313 1175
19.3448 1176
19.3583 1177
19.3719 1178
19.3854 1179
19.3989 1180
19.4125 1181
19.426 1182
19.4396 1183
19.4531 1184
19.4666 1185
19.4802 1186
19.4937 1187
19.5072 1188
19.5208 1189
19.5343 1190
19.5479 1191
19.5614 1192
19.5749 1193
19.5885 1194
19.602 1195
19.6155 1196
19.6291 1197
19.6426 1198
19.6562 1199
19.6697 1200
19.6832 1201
19.6968 1202
19.7103 1203
19.7238 1204
19.7374 1205
19.7509 1206
19.7645 1207
19.778 1208
19.7915 1209
19.8051 1210
19.8186 1211
19.8321 1212
19.8457 1213
19.8592 1214
19.8727 1215
19.8863 1216
19.8998 1217
19.9134 1218
19.9269 1219
19.9404 1220
19.954 1221
19.9675 1222
19.981 1223
19.9946 1224
20.0081 1225
20.0217 1226
20.0352 1227
20.0487 1228
20.0623 1229
20.0758 1230
20.0893 1231
20.1029 1232
20.1164 1233
20.13 1234
20.1435 1235
20.157 1236
20.1706 1237
20.1841 1238
20.1976 1239
20.2112 1240
20.2247 1241
20.2383 1242
20.2518 1243
20.2653 1244
20.2789 1245
20.2924 1246
20.3059 1247
20.3195 1248
20.333 1249
20.3466 1250
20.3601 1251
20.3736 1252
20.3872 1253
20.4007 1254
20.4142 1255
20.4278 1256
20.4413 1257
20.4549 1258
20.4684 1259
20.4819 1260
20.4955 1261
20.509 1262
20.5225 1263
20.5361 1264
20.5496 1265
20.5632 1266
20.5767 1267
20.5902 1268
20.6038 1269
20.6173 1270
20.6308 1271
20.6444 1272
20.6579 1273
20.6714 1274
20.685 1275
20.6985 1276
20.7121 1277
20.7256 1278
20.7391 1279
20.7527 1280
20.7662 1281
20.7797 1282
20.7933 1283
20.8068 1284
20.8204 1285
20.8339 1286
20.8474 1287
20.861 1288
20.8745 1289
20.888 1290
20.9016 1291
20.9151 1292
20.9287 1293
20.9422 1294
20.9557 1295
20.9693 1296
20.9828 1297
20.9963 1298
21.0099 1299
21.0234 1300
21.037 1301
21.0505 1302
21.064 1303
21.0776 1304
21.0911 1305
21.1046 1306
21.1182 1307
21.1317 1308
21.1453 1309
21.1588 1310
21.1723 1311
21.1859 1312
21.1994 1313
21.2129 1314
21.2265 1315
21.24 1316
21.2536 1317
21.2671 1318
21.2806 1319
21.2942 1320
21.3077 1321
21.3212 1322
21.3348 1323
21.3483 1324
21.3619 1325
21.3754 1326
21.3889 1327
21.4025 1328
21.416 1329
21.4295 1330
21.4431 1331
21.4566 1332
21.4702 1333
21.4837 1334
21.4972 1335
21.5108 1336
21.5243 1337
21.5378 1338
21.5514 1339
21.5649 1340
21.5784 1341
21.592 1342
21.6055 1343
21.6191 1344
21.6326 1345
21.6461 1346
21.6597 1347
21.6732 1348
21.6867 1349
21.7003 1350
21.7138 1351
21.7274 1352
21.7409 1353
21.7544 1354
21.768 1355
21.7815 1356
21.795 1357
21.8086 1358
21.8221 1359
21.8357 1360
21.8492 1361
21.8627 1362
21.8763 1363
21.8898 1364
21.9033 1365
21.9169 1366
21.9304 1367
21.944 1368
21.9575 1369
21.971 1370
21.9846 1371
21.9981 1372
22.0116 1373
22.0252 1374
22.0387 1375
22.0523 1376
22.0658 1377
22.0793 1378
22.0929 1379
22.1064 1380
22.1199 1381
22.1335 1382
22.147 1383
22.1606 1384
22.1741 1385
22.1876 1386
22.2012 1387
22.2147 1388
22.2282 1389
22.2418 1390
22.2553 1391
22.2689 1392
22.2824 1393
22.2959 1394
22.3095 1395
22.323 1396
22.3365 1397
22.3501 1398
22.3636 1399
22.3771 1400
22.3907 1401
22.4042 1402
22.4178 1403
22.4313 1404
22.4448 1405
22.4584 1406
22.4719 1407
22.4854 1408
22.499 1409
22.5125 1410
22.5261 1411
22.5396 1412
22.5531 1413
22.5667 1414
22.5802 1415
22.5937 1416
22.6073 1417
22.6208 1418
22.6344 1419
22.6479 1420
22.6614 1421
22.675 1422
22.6885 1423
22.702 1424
22.7156 1425
22.7291 1426
22.7427 1427
22.7562 1428
22.7697 1429
22.7833 1430
22.7968 1431
22.8103 1432
22.8239 1433
22.8374 1434
22.851 1435
22.8645 1436
22.878 1437
22.8916 1438
22.9051 1439
22.9186 1440
22.9322 1441
22.9457 1442
22.9593 1443
22.9728 1444
22.9863 1445
22.9999 1446
23.0134 1447
23.0269 1448
23.0405 1449
23.054 1450
23.0676 1451
23.0811 1452
23.0946 1453
23.1082 1454
23.1217 1455
23.1352 1456
23.1488 1457
23.1623 1458
23.1758 1459
23.1894 1460
23.2029 1461
23.2165 1462
23.23 1463
23.2435 1464
23.2571 1465
23.2706 1466
23.2841 1467
23.2977 1468
23.3112 1469
23.3248 1470
23.3383 1471
23.3518 1472
23.3654 1473
23.3789 1474
23.3924 1475
23.406 1476
23.4195 1477
23.4331 1478
23.4466 1479
23.4601 1480
23.4737 1481
23.4872 1482
23.5007 1483
23.5143 1484
23.5278 1485
23.5414 1486
23.5549 1487
23.5684 1488
23.582 1489
23.5955 1490
23.609 1491
23.6226 1492
23.6361 1493
23.6497 1494
23.6632 1495
23.6767 1496
23.6903 1497
23.7038 1498
23.7173 1499
23.7309 1500
23.7444 1501
23.758 1502
23.7715 1503
23.785 1504
23.7986 1505
23.8121 1506
23.8256 1507
23.8392 1508
23.8527 1509
23.8663 1510
23.8798 1511
23.8933 1512
23.9069 1513
23.9204 1514
23.9339 1515
23.9475 1516
23.961 1517
23.9745 1518
23.9881 1519
24.0016 1520
24.0152 1521
24.0287 1522
24.0422 1523
24.0558 1524
24.0693 1525
24.0828 1526
24.0964 1527
24.1099 1528
24.1235 1529
24.137 1530
24.1505 1531
24.1641 1532
24.1776 1533
24.1911 1534
24.2047 1535
24.2182 1536
24.2318 1537
24.2453 1538
24.2588 1539
24.2724 1540
24.2859 1541
24.2994 1542
24.313 1543
24.3265 1544
24.3401 1545
24.3536 1546
24.3671 1547
24.3807 1548
24.3942 1549
24.4077 1550
24.4213 1551
24.4348 1552
24.4484 1553
24.4619 1554
24.4754 1555
24.489 1556
24.5025 1557
24.516 1558
24.5296 1559
24.5431 1560
24.5567 1561
24.5702 1562
24.5837 1563
24.5973 1564
24.6108 1565
24.6243 1566
24.6379 1567
24.6514 1568
24.665 1569
24.6785 1570
24.692 1571
24.7056 1572
24.7191 1573
24.7326 1574
24.7462 1575
24.7597 1576
24.7733 1577
24.7868 1578
24.8003 1579
24.8139 1580
24.8274 1581
24.8409 1582
24.8545 1583
24.868 1584
24.8815 1585
24.8951 1586
24.9086 1587
24.9222 1588
24.9357 1589
24.9492 1590
24.9628 1591
24.9763 1592
24.9898 1593
25.0034 1594
25.0169 1595
25.0305 1596
25.044 1597
25.0575 1598
25.0711 1599
25.0846 1600
25.0981 1601
25.1117 1602
25.1252 1603
25.1388 1604
25.1523 1605
25.1658 1606
25.1794 1607
25.1929 1608
25.2064 1609
25.22 1610
25.2335 1611
25.2471 1612
25.2606 1613
25.2741 1614
25.2877 1615
25.3012 1616
25.3147 1617
25.3283 1618
25.3418 1619
25.3554 1620
25.3689 1621
25.3824 1622
25.396 1623
25.4095 1624
25.423 1625
25.4366 1626
25.4501 1627
25.4637 1628
25.4772 1629
25.4907 1630
25.5043 1631
25.5178 1632
25.5313 1633
25.5449 1634
25.5584 1635
25.572 1636
25.5855 1637
25.599 1638
25.6126 1639
25.6261 1640
25.6396 1641
25.6532 1642
25.6667 1643
25.6802 1644
25.6938 1645
25.7073 1646
25.7209 1647
25.7344 1648
25.7479 1649
25.7615 1650
25.775 1651
25.7885 1652
25.8021 1653
25.8156 1654
25.8292 1655
25.8427 1656
25.8562 1657
25.8698 1658
25.8833 1659
25.8968 1660
25.9104 1661
25.9239 1662
25.9375 1663
25.951 1664
25.9645 1665
25.9781 1666
25.9916 1667
26.0051 1668
26.0187 1669
26.0322 1670
26.0458 1671
26.0593 1672
26.0728 1673
26.0864 1674
26.0999 1675
26.1134 1676
26.127 1677
26.1405 1678
26.1541 1679
26.1676 1680
26.1811 1681
26.1947 1682
26.2082 1683
26.2217 1684
26.2353 1685
26.2488 1686
26.2624 1687
26.2759 1688
26.2894 1689
26.303 1690
26.3165 1691
26.33 1692
26.3436 1693
26.3571 1694
26.3707 1695
26.3842 1696
26.3977 1697
26.4113 1698
26.4248 1699
26.4383 1700
26.4519 1701
26.4654 1702
26.4789 1703
26.4925 1704
26.506 1705
26.5196 1706
26.5331 1707
26.5466 1708
26.5602 1709
26.5737 1710
26.5872 1711
26.6008 1712
26.6143 1713
26.6279 1714
26.6414 1715
26.6549 1716
26.6685 1717
26.682 1718
26.6955 1719
26.7091 1720
26.7226 1721
26.7362 1722
26.7497 1723
26.7632 1724
26.7768 1725
26.7903 1726
26.8038 1727
26.8174 1728
26.8309 1729
26.8445 1730
26.858 1731
26.8715 1732
26.8851 1733
26.8986 1734
26.9121 1735
26.9257 1736
26.9392 1737
26.9528 1738
26.9663 1739
26.9798 1740
26.9934 1741
27.0069 1742
27.0204 1743
27.034 1744
27.0475 1745
27.0611 1746
27.0746 1747
27.0881 1748
27.1017 1749
27.1152 1750
27.1287 1751
27.1423 1752
27.1558 1753
27.1694 1754
27.1829 1755
27.1964 1756
27.21 1757
27.2235 1758
27.237 1759
27.2506 1760
27.2641 1761
27.2776 1762
27.2912 1763
27.3047 1764
27.3183 1765
27.3318 1766
27.3453 1767
27.3589 1768
27.3724 1769
27.3859 1770
27.3995 1771
27.413 1772
27.4266 1773
27.4401 1774
27.4536 1775
27.4672 1776
27.4807 1777
27.4942 1778
27.5078 1779
27.5213 1780
27.5349 1781
27.5484 1782
27.5619 1783
27.5755 1784
27.589 1785
27.6025 1786
27.6161 1787
27.6296 1788
27.6432 1789
27.6567 1790
27.6702 1791
27.6838 1792
27.6973 1793
27.7108 1794
27.7244 1795
27.7379 1796
27.7515 1797
27.765 1798
27.7785 1799
27.7921 1800
27.8056 1801
27.8191 1802
27.8327 1803
27.8462 1804
27.8598 1805
27.8733 1806
27.8868 1807
27.9004 1808
27.9139 1809
27.9274 1810
27.941 1811
27.9545 1812
27.9681 1813
27.9816 1814
27.9951 1815
28.0087 1816
28.0222 1817
28.0357 1818
28.0493 1819
28.0628 1820
28.0764 1821
28.0899 1822
28.1034 1823
28.117 1824
28.1305 1825
28.144 1826
28.1576 1827
28.1711 1828
28.1846 1829
28.1982 1830
28.2117 1831
28.2253 1832
28.2388 1833
28.2523 1834
28.2659 1835
28.2794 1836
28.2929 1837
28.3065 1838
28.32 1839
28.3336 1840
28.3471 1841
28.3606 1842
28.3742 1843
28.3877 1844
28.4012 1845
28.4148 1846
28.4283 1847
28.4419 1848
28.4554 1849
28.4689 1850
28.4825 1851
28.496 1852
28.5095 1853
28.5231 1854
28.5366 1855
28.5502 1856
28.5637 1857
28.5772 1858
28.5908 1859
28.6043 1860
28.6178 1861
28.6314 1862
28.6449 1863
28.6585 1864
28.672 1865
28.6855 1866
28.6991 1867
28.7126 1868
28.7261 1869
28.7397 1870
28.7532 1871
28.7668 1872
28.7803 1873
28.7938 1874
28.8074 1875
28.8209 1876
28.8344 1877
28.848 1878
28.8615 1879
28.8751 1880
28.8886 1881
28.9021 1882
28.9157 1883
28.9292 1884
28.9427 1885
28.9563 1886
28.9698 1887
28.9833 1888
28.9969 1889
29.0104 1890
29.024 1891
29.0375 1892
29.051 1893
29.0646 1894
29.0781 1895
29.0916 1896
29.1052 1897
29.1187 1898
29.1323 1899
29.1458 1900
29.1593 1901
29.1729 1902
29.1864 1903
29.1999 1904
29.2135 1905
29.227 1906
29.2406 1907
29.2541 1908
29.2676 1909
29.2812 1910
29.2947 1911
29.3082 1912
29.3218 1913
29.3353 1914
29.3489 1915
29.3624 1916
29.3759 1917
29.3895 1918
29.403 1919
29.4165 1920
29.4301 1921
29.4436 1922
29.4572 1923
29.4707 1924
29.4842 1925
29.4978 1926
29.5113 1927
29.5248 1928
29.5384 1929
29.5519 1930
29.5655 1931
29.579 1932
29.5925 1933
29.6061 1934
29.6196 1935
29.6331 1936
29.6467 1937
29.6602 1938
29.6738 1939
29.6873 1940
29.7008 1941
29.7144 1942
29.7279 1943
29.7414 1944
29.755 1945
29.7685 1946
29.782 1947
29.7956 1948
29.8091 1949
29.8227 1950
29.8362 1951
29.8497 1952
29.8633 1953
29.8768 1954
29.8903 1955
29.9039 1956
29.9174 1957
29.931 1958
29.9445 1959
29.958 1960
29.9716 1961
29.9851 1962
29.9986 1963
30.0122 1964
30.0257 1965
30.0393 1966
30.0528 1967
30.0663 1968
30.0799 1969
30.0934 1970
30.1069 1971
30.1205 1972
30.134 1973
30.1476 1974
30.1611 1975
30.1746 1976
30.1882 1977
30.2017 1978
30.2152 1979
30.2288 1980
30.2423 1981
30.2559 1982
30.2694 1983
30.2829 1984
30.2965 1985
30.31 1986
30.3235 1987
30.3371 1988
30.3506 1989
30.3642 1990
30.3777 1991
30.3912 1992
30.4048 1993
30.4183 1994
30.4318 1995
30.4454 1996
30.4589 1997
30.4725 1998
30.486 1999
30.4995 2000
30.5131 2001
30.5266 2002
30.5401 2003
30.5537 2004
30.5672 2005
30.5807 2006
30.5943 2007
30.6078 2008
30.6214 2009
30.6349 2010
30.6484 2011
30.662 2012
30.6755 2013
30.689 2014
30.7026 2015
30.7161 2016
30.7297 2017
30.7432 2018
30.7567 2019
30.7703 2020
30.7838 2021
30.7973 2022
30.8109 2023
30.8244 2024
30.838 2025
30.8515 2026
30.865 2027
30.8786 2028
30.8921 2029
30.9056 2030
30.9192 2031
30.9327 2032
30.9463 2033
30.9598 2034
30.9733 2035
30.9869 2036
31.0004 2037
31.0139 2038
31.0275 2039
31.041 2040
31.0546 2041
31.0681 2043
31.0816 2044
31.0952 2045
31.1087 2046
31.1222 2047
31.1358 2047
31.1493 2047
31.1629 2048
31.1764 2048
31.1899 2049
31.2035 2050
31.217 2050
31.2305 2051
31.2441 2053
31.2576 2054
31.2712 2056
31.2847 2058
31.2982 2059
31.3118 2060
31.3253 2061
31.3388 2062
31.3524 2063
31.3659 2063
31.3795 2063
31.393 2065
31.4065 2067
31.4201 2067
31.4336 2068
31.4471 2069
31.4607 2070
31.4742 2070
31.4877 2071
31.5013 2071
31.5148 2072
31.5284 2073
31.5419 2074
31.5554 2075
31.569 2076
31.5825 2076
31.596 2076
31.6096 2076
31.6231 2076
31.6367 2076
31.6502 2077
31.6637 2077
31.6773 2078
31.6908 2079
31.7043 2079
31.7179 2079
31.7314 2080
31.745 2081
31.7585 2081
31.772 2081
31.7856 2081
31.7991 2081
31.8126 2081
31.8262 2081
31.8397 2083
31.8533 2084
31.8668 2085
31.8803 2085
31.8939 2085
31.9074 2085
31.9209 2085
31.9345 2086
31.948 2087
31.9616 2088
31.9751 2088
31.9886 2088
32.0022 2088
32.0157 2089
32.0292 2089
32.0428 2089
32.0563 2089
32.0699 2089
32.0834 2089
32.0969 2089
32.1105 2089
32.124 2090
32.1375 2090
32.1511 2090
32.1646 2090
32.1782 2090
32.1917 2092
32.2052 2094
32.2188 2094
32.2323 2094
32.2458 2094
32.2594 2095
32.2729 2096
32.2864 2098
32.3 2098
32.3135 2099
32.3271 2100
32.3406 2100
32.3541 2102
32.3677 2103
32.3812 2104
32.3947 2104
32.4083 2104
32.4218 2105
32.4354 2106
32.4489 2106
32.4624 2106
32.476 2106
32.4895 2106
32.503 2107
32.5166 2108
32.5301 2108
32.5437 2108
32.5572 2108
32.5707 2108
32.5843 2108
32.5978 2108
32.6113 2109
32.6249 2110
32.6384 2110
32.652 2110
32.6655 2110
32.679 2110
32.6926 2110
32.7061 2112
32.7196 2113
32.7332 2114
32.7467 2114
32.7603 2115
32.7738 2116
32.7873 2116
32.8009 2116
32.8144 2117
32.8279 2118
32.8415 2118
32.855 2118
32.8686 2118
32.8821 2118
32.8956 2118
32.9092 2118
32.9227 2118
32.9362 2119
32.9498 2120
32.9633 2122
32.9769 2122
32.9904 2122
33.0039 2123
33.0175 2124
33.031 2125
33.0445 2126
33.0581 2127
33.0716 2127
33.0851 2127
33.0987 2127
33.1122 2128
33.1258 2129
33.1393 2129
33.1528 2130
33.1664 2131
33.1799 2131
33.1934 2131
33.207 2132
33.2205 2133
33.2341 2133
33.2476 2134
33.2611 2134
33.2747 2134
33.2882 2134
33.3017 2134
33.3153 2134
33.3288 2135
33.3424 2135
33.3559 2135
33.3694 2136
33.383 2136
33.3965 2136
33.41 2136
33.4236 2136
33.4371 2138
33.4507 2140
33.4642 2140
33.4777 2141
33.4913 2142
33.5048 2142
33.5183 2142
33.5319 2142
33.5454 2142
33.559 2143
33.5725 2143
33.586 2143
33.5996 2143
33.6131 2144
33.6266 2144
33.6402 2144
33.6537 2144
33.6673 2144
33.6808 2145
33.6943 2146
33.7079 2147
33.7214 2148
33.7349 2148
33.7485 2150
33.762 2152
33.7756 2152
33.7891 2154
33.8026 2153
33.8162 2154
33.8297 2155
33.8432 2155
33.8568 2155
33.8703 2155
33.8839 2155
33.8974 2155
33.9109 2155
33.9245 2158
33.938 2159
33.9515 2160
33.9651 2161
33.9786 2163
33.9921 2165
34.0057 2164
34.0192 2164
34.0328 2166
34.0463 2166
34.0598 2168
34.0734 2170
34.0869 2170
34.1004 2170
34.114 2170
34.1275 2170
34.1411 2170
34.1546 2170
34.1681 2170
34.1817 2170
34.1952 2170
34.2087 2171
34.2223 2171
34.2358 2171
34.2494 2171
34.2629 2171
34.2764 2171
34.29 2171
34.3035 2171
34.317 2171
34.3306 2171
34.3441 2171
34.3577 2171
34.3712 2171
34.3847 2171
34.3983 2171
34.4118 2172
34.4253 2173
34.4389 2173
34.4524 2174
34.466 2177
34.4795 2180
34.493 2182
34.5066 2180
34.5201 2181
34.5336 2182
34.5472 2182
34.5607 2182
34.5743 2183
34.5878 2184
34.6013 2185
34.6149 2186
34.6284 2186
34.6419 2187
34.6555 2188
34.669 2189
34.6826 2190
34.6961 2191
34.7096 2192
34.7232 2193
34.7367 2194
34.7502 2195
34.7638 2196
34.7773 2197
34.7908 2197
34.8044 2197
34.8179 2197
34.8315 2198
34.845 2199
34.8585 2200
34.8721 2201
34.8856 2201
34.8991 2202
34.9127 2203
34.9262 2204
34.9398 2205
34.9533 2206
34.9668 2207
34.9804 2208
34.9939 2208
35.0074 2209
35.021 2210
35.0345 2210
35.0481 2211
35.0616 2212
35.0751 2212
35.0887 2212
35.1022 2213
35.1157 2214
35.1293 2214
35.1428 2214
35.1564 2215
35.1699 2216
35.1834 2216
35.197 2216
35.2105 2217
35.224 2217
35.2376 2217
35.2511 2217
35.2647 2217
35.2782 2221
35.2917 2221
35.3053 2221
35.3188 2221
35.3323 2222
35.3459 2223
35.3594 2226
35.373 2226
35.3865 2227
35.4 2228
35.4136 2228
35.4271 2228
35.4406 2228
35.4542 2228
35.4677 2229
35.4813 2230
35.4948 2231
35.5083 2232
35.5219 2232
35.5354 2232
35.5489 2232
35.5625 2232
35.576 2233
35.5895 2234
35.6031 2234
35.6166 2234
35.6302 2234
35.6437 2234
35.6572 2234
35.6708 2235
35.6843 2236
35.6978 2237
35.7114 2237
35.7249 2237
35.7385 2238
35.752 2238
35.7655 2238
35.7791 2239
35.7926 2240
35.8061 2240
35.8197 2240
35.8332 2242
35.8468 2243
35.8603 2244
35.8738 2247
35.8874 2247
35.9009 2247
35.9144 2247
35.928 2247
35.9415 2248
35.9551 2249
35.9686 2250
35.9821 2251
35.9957 2252
36.0092 2256
36.0227 2259
36.0363 2259
36.0498 2259
36.0634 2260
36.0769 2260
36.0904 2260
36.104 2260
36.1175 2262
36.131 2262
36.1446 2267
36.1581 2268
36.1717 2268
36.1852 2268
36.1987 2268
36.2123 2268
36.2258 2268
36.2393 2269
36.2529 2269
36.2664 2270
36.28 2271
36.2935 2271
36.307 2271
36.3206 2271
36.3341 2271
36.3476 2272
36.3612 2272
36.3747 2272
36.3882 2273
36.4018 2273
36.4153 2274
36.4289 2275
36.4424 2275
36.4559 2276
36.4695 2277
36.483 2277
36.4965 2277
36.5101 2278
36.5236 2279
36.5372 2280
36.5507 2279
36.5642 2280
36.5778 2281
36.5913 2282
36.6048 2282
36.6184 2283
36.6319 2283
36.6455 2283
36.659 2284
36.6725 2285
36.6861 2285
36.6996 2285
36.7131 2285
36.7267 2286
36.7402 2287
36.7538 2287
36.7673 2287
36.7808 2287
36.7944 2287
36.8079 2288
36.8214 2288
36.835 2288
36.8485 2290
36.8621 2290
36.8756 2290
36.8891 2290
36.9027 2290
36.9162 2290
36.9297 2290
36.9433 2290
36.9568 2290
36.9704 2291
36.9839 2292
36.9974 2292
37.011 2292
37.0245 2293
37.038 2294
37.0516 2294
37.0651 2295
37.0787 2296
37.0922 2296
37.1057 2296
37.1193 2296
37.1328 2296
37.1463 2296
37.1599 2296
37.1734 2297
37.187 2298
37.2005 2299
37.214 2299
37.2276 2299
37.2411 2299
37.2546 2299
37.2682 2299
37.2817 2300
37.2952 2300
37.3088 2300
37.3223 2300
37.3359 2301
37.3494 2302
37.3629 2303
37.3765 2303
37.39 2303
37.4035 2303
37.4171 2303
37.4306 2304
37.4442 2304
37.4577 2304
37.4712 2304
37.4848 2305
37.4983 2306
37.5118 2307
37.5254 2308
37.5389 2309
37.5525 2310
37.566 2310
37.5795 2310
37.5931 2310
37.6066 2311
37.6201 2312
37.6337 2312
37.6472 2313
37.6608 2314
37.6743 2314
37.6878 2314
37.7014 2315
37.7149 2315
37.7284 2315
37.742 2316
37.7555 2316
37.7691 2316
37.7826 2317
37.7961 2317
37.8097 2317
37.8232 2317
37.8367 2317
37.8503 2318
37.8638 2319
37.8774 2320
37.8909 2321
37.9044 2321
37.918 2322
37.9315 2323
37.945 2323
37.9586 2323
37.9721 2323
37.9857 2323
37.9992 2324
38.0127 2325
38.0263 2325
38.0398 2325
38.0533 2325
38.0669 2326
38.0804 2328
38.0939 2329
38.1075 2329
38.121 2330
38.1346 2331
38.1481 2332
38.1616 2332
38.1752 2332
38.1887 2332
38.2022 2332
38.2158 2333
38.2293 2334
38.2429 2334
38.2564 2335
38.2699 2335
38.2835 2335
38.297 2335
38.3105 2335
38.3241 2335
38.3376 2335
38.3512 2336
38.3647 2336
38.3782 2336
38.3918 2336
38.4053 2336
38.4188 2337
38.4324 2338
38.4459 2338
38.4595 2338
38.473 2339
38.4865 2339
38.5001 2340
38.5136 2341
38.5271 2342
38.5407 2342
38.5542 2343
38.5678 2344
38.5813 2344
38.5948 2344
38.6084 2345
38.6219 2346
38.6354 2346
38.649 2346
38.6625 2346
38.6761 2347
38.6896 2348
38.7031 2348
38.7167 2348
38.7302 2349
38.7437 2350
38.7573 2351
38.7708 2352
38.7844 2353
38.7979 2353
38.8114 2353
38.825 2353
38.8385 2354
38.852 2354
38.8656 2354
38.8791 2354
38.8926 2354
38.9062 2354
38.9197 2354
38.9333 2354
38.9468 2355
38.9603 2356
38.9739 2357
38.9874 2357
39.0009 2357
39.0145 2358
39.028 2359
39.0416 2359
39.0551 2360
39.0686 2360
39.0822 2360
39.0957 2361
39.1092 2361
39.1228 2362
39.1363 2362
39.1499 2363
39.1634 2364
39.1769 2364
39.1905 2364
39.204 2364
39.2175 2366
39.2311 2366
39.2446 2366
39.2582 2366
39.2717 2366
39.2852 2366
39.2988 2366
39.3123 2367
39.3258 2368
39.3394 2369
39.3529 2370
39.3665 2370
39.38 2371
39.3935 2371
39.4071 2371
39.4206 2371
39.4341 2372
39.4477 2372
39.4612 2372
39.4748 2374
39.4883 2374
39.5018 2374
39.5154 2374
39.5289 2374
39.5424 2374
39.556 2374
39.5695 2374
39.5831 2374
39.5966 2375
39.6101 2376
39.6237 2377
39.6372 2377
39.6507 2377
39.6643 2378
39.6778 2379
39.6913 2380
39.7049 2381
39.7184 2381
39.732 2382
39.7455 2382
39.759 2383
39.7726 2383
39.7861 2384
39.7996 2384
39.8132 2384
39.8267 2384
39.8403 2384
39.8538 2384
39.8673 2384
39.8809 2384
39.8944 2384
39.9079 2385
39.9215 2386
39.935 2387
39.9486 2388
39.9621 2389
39.9756 2390
39.9892 2390
40.0027 2391
40.0162 2392
40.0298 2392
40.0433 2393
40.0569 2394
40.0704 2394
40.0839 2394
40.0975 2394
40.111 2395
40.1245 2395
40.1381 2395
40.1516 2395
40.1652 2396
40.1787 2397
40.1922 2397
40.2058 2398
40.2193 2398
40.2328 2399
40.2464 2400
40.2599 2400
40.2735 2401
40.287 2402
40.3005 2403
40.3141 2403
40.3276 2403
40.3411 2403
40.3547 2403
40.3682 2404
40.3818 2405
40.3953 2406
40.4088 2406
40.4224 2407
40.4359 2407
40.4494 2407
40.463 2408
40.4765 2409
40.4901 2410
40.5036 2410
40.5171 2411
40.5307 2411
40.5442 2412
40.5577 2413
40.5713 2414
40.5848 2415
40.5983 2415
40.6119 2415
40.6254 2416
40.639 2417
40.6525 2417
40.666 2418
40.6796 2419
40.6931 2419
40.7066 2419
40.7202 2420
40.7337 2420
40.7473 2420
40.7608 2420
40.7743 2421
40.7879 2421
40.8014 2422
40.8149 2422
40.8285 2423
40.842 2424
40.8556 2425
40.8691 2426
40.8826 2426
40.8962 2426
40.9097 2427
40.9232 2427
40.9368 2427
40.9503 2428
40.9639 2429
40.9774 2430
40.9909 2429
41.0045 2429
41.018 2429
41.0315 2430
41.0451 2431
41.0586 2432
41.0722 2433
41.0857 2433
41.0992 2433
41.1128 2433
41.1263 2434
41.1398 2435
41.1534 2436
41.1669 2437
41.1805 2437
41.194 2437
41.2075 2438
41.2211 2439
41.2346 2440
41.2481 2440
41.2617 2441
41.2752 2441
41.2888 2441
41.3023 2441
41.3158 2441
41.3294 2442
41.3429 2443
41.3564 2444
41.37 2445
41.3835 2445
41.397 2445
41.4106 2446
41.4241 2447
41.4377 2448
41.4512 2449
41.4647 2449
41.4783 2449
41.4918 2450
41.5053 2451
41.5189 2451
41.5324 2452
41.546 2452
41.5595 2452
41.573 2452
41.5866 2453
41.6001 2454
41.6136 2455
41.6272 2456
41.6407 2456
41.6543 2456
41.6678 2456
41.6813 2456
41.6949 2457
41.7084 2458
41.7219 2458
41.7355 2458
41.749 2459
41.7626 2460
41.7761 2461
41.7896 2461
41.8032 2461
41.8167 2461
41.8302 2462
41.8438 2462
41.8573 2462
41.8709 2463
41.8844 2463
41.8979 2463
41.9115 2464
41.925 2465
41.9385 2466
41.9521 2466
41.9656 2466
41.9792 2466
41.9927 2466
42.0062 2466
42.0198 2467
42.0333 2467
42.0468 2467
42.0604 2468
42.0739 2468
42.0875 2468
42.101 2468
42.1145 2468
42.1281 2468
42.1416 2468
42.1551 2467
42.1687 2467
42.1822 2467
42.1957 2468
42.2093 2468
42.2228 2468
42.2364 2469
42.2499 2469
42.2634 2469
42.277 2470
42.2905 2470
42.304 2470
42.3176 2470
42.3311 2471
42.3447 2471
42.3582 2471
42.3717 2472
42.3853 2474
42.3988 2476
42.4123 2476
42.4259 2476
42.4394 2477
42.453 2477
42.4665 2477
42.48 2477
42.4936 2478
42.5071 2478
42.5206 2478
42.5342 2479
42.5477 2481
42.5613 2481
42.5748 2481
42.5883 2481
42.6019 2481
42.6154 2482
42.6289 2483
42.6425 2483
42.656 2483
42.6696 2484
42.6831 2484
42.6966 2484
42.7102 2485
42.7237 2487
42.7372 2487
42.7508 2488
42.7643 2492
42.7779 2492
42.7914 2492
42.8049 2494
42.8185 2495
42.832 2495
42.8455 2496
42.8591 2496
42.8726 2497
42.8862 2497
42.8997 2498
42.9132 2498
42.9268 2498
42.9403 2499
42.9538 2500
42.9674 2500
42.9809 2501
42.9944 2502
43.008 2502
43.0215 2502
43.0351 2502
43.0486 2503
43.0621 2504
43.0757 2504
43.0892 2504
43.1027 2505
43.1163 2505
43.1298 2505
43.1434 2505
43.1569 2505
43.1704 2506
43.184 2506
43.1975 2506
43.211 2507
43.2246 2508
43.2381 2508
43.2517 2509
43.2652 2509
43.2787 2509
43.2923 2510
43.3058 2510
43.3193 2510
43.3329 2511
43.3464 2511
43.36 2511
43.3735 2511
43.387 2512
43.4006 2512
43.4141 2512
43.4276 2513
43.4412 2514
43.4547 2515
43.4683 2515
43.4818 2516
43.4953 2516
43.5089 2516
43.5224 2516
43.5359 2516
43.5495 2516
43.563 2516
43.5766 2516
43.5901 2517
43.6036 2517
43.6172 2517
43.6307 2518
43.6442 2519
43.6578 2517
43.6713 2518
43.6849 2518
43.6984 2518
43.7119 2518
43.7255 2518
43.739 2518
43.7525 2518
43.7661 2518
43.7796 2518
43.7932 2518
43.8067 2518
43.8202 2535
43.8338 2535
43.8473 2536
43.8608 2536
43.8744 2537
43.8879 2538
43.9014 2538
43.915 2538
43.9285 2538
43.9421 2539
43.9556 2539
43.9691 2539
43.9827 2539
43.9962 2539
44.0097 2553
44.0233 2553
44.0368 2553
44.0504 2553
44.0639 2554
44.0774 2555
44.091 2555
44.1045 2557
44.118 2557
44.1316 2557
44.1451 2558
44.1587 2558
44.1722 2558
44.1857 2560
44.1993 2560
44.2128 2560
44.2263 2561
44.2399 2561
44.2534 2561
44.267 2561
44.2805 2563
44.294 2563
44.3076 2563
44.3211 2563
44.3346 2563
44.3482 2564
44.3617 2565
44.3753 2565
44.3888 2565
44.4023 2566
44.4159 2566
44.4294 2573
44.4429 2573
44.4565 2573
44.47 2574
44.4836 2574
44.4971 2574
44.5106 2575
44.5242 2575
44.5377 2576
44.5512 2576
44.5648 2576
44.5783 2577
44.5919 2577
44.6054 2578
44.6189 2578
44.6325 2578
44.646 2578
44.6595 2578
44.6731 2579
44.6866 2579
44.7001 2579
44.7137 2580
44.7272 2581
44.7408 2582
44.7543 2582
44.7678 2582
44.7814 2583
44.7949 2583
44.8084 2584
44.822 2584
44.8355 2585
44.8491 2586
44.8626 2586
44.8761 2587
44.8897 2587
44.9032 2587
44.9167 2587
44.9303 2587
44.9438 2588
44.9574 2588
44.9709 2588
44.9844 2589
44.998 2589
45.0115 2590
45.025 2590
45.0386 2590
45.0521 2591
45.0657 2591
45.0792 2592
45.0927 2592
45.1063 2592
45.1198 2593
45.1333 2593
45.1469 2607
45.1604 2607
45.174 2607
45.1875 2608
45.201 2608
45.2146 2608
45.2281 2608
45.2416 2608
45.2552 2609
45.2687 2609
45.2823 2610
45.2958 2610
45.3093 2610
45.3229 2611
45.3364 2611
45.3499 2610
45.3635 2610
45.377 2610
45.3906 2611
45.4041 2611
45.4176 2610
45.4312 2610
45.4447 2610
45.4582 2610
45.4718 2610
45.4853 2610
45.4988 2610
45.5124 2611
45.5259 2611
45.5395 2612
45.553 2612
45.5665 2612
45.5801 2613
45.5936 2613
45.6071 2614
45.6207 2614
45.6342 2614
45.6478 2614
45.6613 2615
45.6748 2615
45.6884 2615
45.7019 2615
45.7154 2617
45.729 2617
45.7425 2617
45.7561 2618
45.7696 2618
45.7831 2618
45.7967 2618
45.8102 2619
45.8237 2619
45.8373 2619
45.8508 2619
45.8644 2619
45.8779 2619
45.8914 2619
45.905 2619
45.9185 2620
45.932 2621
45.9456 2621
45.9591 2621
45.9727 2622
45.9862 2622
45.9997 2623
46.0133 2623
46.0268 2623
46.0403 2624
46.0539 2624
46.0674 2624
46.081 2624
46.0945 2625
46.108 2626
46.1216 2626
46.1351 2626
46.1486 2627
46.1622 2627
46.1757 2627
46.1893 2627
46.2028 2628
46.2163 2628
46.2299 2628
46.2434 2628
46.2569 2629
46.2705 2629
46.284 2630
46.2975 2631
46.3111 2635
46.3246 2637
46.3382 2634
46.3517 2635
46.3652 2635
46.3788 2635
46.3923 2635
46.4058 2635
46.4194 2636
46.4329 2637
46.4465 2637
46.46 2637
46.4735 2637
46.4871 2637
46.5006 2637
46.5141 2637
46.5277 2638
46.5412 2638
46.5548 2639
46.5683 2639
46.5818 2639
46.5954 2639
46.6089 2639
46.6224 2640
46.636 2640
46.6495 2640
46.6631 2640
46.6766 2641
46.6901 2641
46.7037 2641
46.7172 2641
46.7307 2642
46.7443 2642
46.7578 2642
46.7714 2642
46.7849 2643
46.7984 2643
46.812 2643
46.8255 2643
46.839 2644
46.8526 2644
46.8661 2644
46.8797 2644
46.8932 2645
46.9067 2645
46.9203 2645
46.9338 2646
46.9473 2646
46.9609 2647
46.9744 2631
46.988 2600
47.0015 2601
47.015 2601
47.0286 2601
47.0421 2602
47.0556 2603
47.0692 2603
47.0827 2603
47.0963 2604
47.1098 2604
47.1233 2605
47.1369 2605
47.1504 2605
47.1639 2606
47.1775 2604
47.191 2604
47.2045 2604
47.2181 2604
47.2316 2604
47.2452 2605
47.2587 2605
47.2722 2605
47.2858 2605
47.2993 2606
47.3128 2606
47.3264 2606
47.3399 2607
47.3535 2608
47.367 2607
47.3805 2608
47.3941 2608
47.4076 2608
47.4211 2609
47.4347 2610
47.4482 2610
47.4618 2610
47.4753 2610
47.4888 2610
47.5024 2611
47.5159 2611
47.5294 2611
47.543 2612
47.5565 2613
47.5701 2613
47.5836 2614
47.5971 2614
47.6107 2614
47.6242 2615
47.6377 2615
47.6513 2615
47.6648 2616
47.6784 2616
47.6919 2616
47.7054 2616
47.719 2617
47.7325 2618
47.746 2618
47.7596 2619
47.7731 2620
47.7867 2621
47.8002 2622
47.8137 2622
47.8273 2623
47.8408 2625
47.8543 2626
47.8679 2627
47.8814 2628
47.895 2629
47.9085 2629
47.922 2629
47.9356 2629
47.9491 2630
47.9626 2631
47.9762 2632
47.9897 2632
48.0032 2633
48.0168 2633
48.0303 2633
48.0439 2634
48.0574 2635
48.0709 2636
48.0845 2636
48.098 2637
48.1115 2638
48.1251 2639
48.1386 2639
48.1522 2640
48.1657 2640
48.1792 2641
48.1928 2642
48.2063 2643
48.2198 2643
48.2334 2644
48.2469 2645
48.2605 2646
48.274 2646
48.2875 2647
48.3011 2647
48.3146 2648
48.3281 2649
48.3417 2649
48.3552 2650
48.3688 2651
48.3823 2652
48.3958 2652
48.4094 2653
48.4229 2653
48.4364 2654
48.45 2655
48.4635 2656
48.4771 2657
48.4906 2658
48.5041 2659
48.5177 2659
48.5312 2659
48.5447 2660
48.5583 2661
48.5718 2661
48.5854 2662
48.5989 2663
48.6124 2664
48.626 2664
48.6395 2664
48.653 2665
48.6666 2666
48.6801 2666
48.6937 2667
48.7072 2668
48.7207 2669
48.7343 2670
48.7478 2670
48.7613 2670
48.7749 2671
48.7884 2672
48.8019 2672
48.8155 2672
48.829 2672
48.8426 2673
48.8561 2674
48.8696 2675
48.8832 2675
48.8967 2675
48.9102 2676
48.9238 2783
48.9373 2784
48.9509 2785
48.9644 2785
48.9779 2785
48.9915 2786
49.005 2786
49.0185 2786
49.0321 2787
49.0456 2787
49.0592 2787
49.0727 2788
49.0862 2789
49.0998 2789
49.1133 2789
49.1268 2790
49.1404 2791
49.1539 2791
49.1675 2792
49.181 2792
49.1945 2792
49.2081 2792
49.2216 2793
49.2351 2793
49.2487 2793
49.2622 2793
49.2758 2794
49.2893 2794
49.3028 2795
49.3164 2795
49.3299 2795
49.3434 2796
49.357 2912
49.3705 2913
49.3841 2913
49.3976 2913
49.4111 2914
49.4247 2914
49.4382 2915
49.4517 2915
49.4653 2916
49.4788 2916
49.4924 2916
49.5059 2917
49.5194 2918
49.533 2919
49.5465 2919
49.56 2920
49.5736 2920
49.5871 2920
49.6006 3151
49.6142 3152
49.6277 3152
49.6413 3153
49.6548 3153
49.6683 3154
49.6819 3154
49.6954 3155
49.7089 3157
49.7225 3157
49.736 3158
49.7496 3159
49.7631 3159
49.7766 3160
49.7902 3160
49.8037 3161
49.8172 3161
49.8308 3161
49.8443 3161
49.8579 3161
49.8714 3162
49.8849 3163
49.8985 3165
49.912 3165
49.9255 3165
49.9391 3166
49.9526 3166
49.9662 3167
49.9797 3269
49.9932 3270
50.0068 3271
50.0203 3271
50.0338 3272
50.0474 3272
50.0609 3273
50.0745 3278
50.088 3279
50.1015 3279
50.1151 3280
50.1286 3280
50.1421 3280
50.1557 3281
50.1692 3281
50.1828 3282
50.1963 3282
50.2098 3283
50.2234 3283
50.2369 3284
50.2504 3284
50.264 3284
50.2775 3285
50.2911 3285
50.3046 3286
50.3181 3287
50.3317 3287
50.3452 3288
50.3587 3289
50.3723 3290
50.3858 3291
50.3994 3291
50.4129 3292
50.4264 3293
50.44 3293
50.4535 3294
50.467 3294
50.4806 3294
50.4941 3295
50.5076 3295
50.5212 3296
50.5347 3297
50.5483 3297
50.5618 3298
50.5753 3298
50.5889 3299
50.6024 3299
50.6159 3300
50.6295 3300
50.643 3301
50.6566 3302
50.6701 3302
50.6836 3302
50.6972 3303
50.7107 3304
50.7242 3304
50.7378 3305
50.7513 3306
50.7649 3307
50.7784 3307
50.7919 3308
50.8055 3309
50.819 3310
50.8325 3310
50.8461 3311
50.8596 3312
50.8732 3312
50.8867 3313
50.9002 3313
50.9138 3314
50.9273 3314
50.9408 3315
50.9544 3315
50.9679 3316
50.9815 3317
50.995 3317
51.0085 3317
51.0221 3317
51.0356 3318
51.0491 3319
51.0627 3319
51.0762 3320
51.0898 3321
51.1033 3466
51.1168 3466
51.1304 3467
51.1439 3467
51.1574 3468
51.171 3468
51.1845 3469
51.1981 3470
51.2116 3470
51.2251 3471
51.2387 3471
51.2522 3472
51.2657 3472
51.2793 3473
51.2928 3474
51.3063 3474
51.3199 3475
51.3334 3475
51.347 3476
51.3605 3476
51.374 3477
51.3876 3478
51.4011 3478
51.4146 3479
51.4282 3479
51.4417 3480
51.4553 3480
51.4688 3481
51.4823 3482
51.4959 3482
51.5094 3482
51.5229 3482
51.5365 3483
51.55 3483
51.5636 3484
51.5771 3485
51.5906 3485
51.6042 3486
51.6177 3486
51.6312 3486
51.6448 3487
51.6583 3487
51.6719 3488
51.6854 3489
51.6989 3489
51.7125 3490
51.726 3490
51.7395 3490
51.7531 3491
51.7666 3491
51.7802 3492
51.7937 3493
51.8072 3493
51.8208 3494
51.8343 3494
51.8478 3495
51.8614 3495
51.8749 3496
51.8885 3497
51.902 3497
51.9155 3498
51.9291 3498
51.9426 3499
51.9561 3499
51.9697 3500
51.9832 3501
51.9968 3501
52.0103 3502
52.0238 3502
52.0374 3503
52.0509 3503
52.0644 3504
52.078 3504
52.0915 3504
52.105 3505
52.1186 3505
52.1321 3506
52.1457 3507
52.1592 3508
52.1727 3508
52.1863 3509
52.1998 3509
52.2133 3510
52.2269 3510
52.2404 3511
52.254 3511
52.2675 3512
52.281 3512
52.2946 3513
52.3081 3514
52.3216 3514
52.3352 3515
52.3487 3515
52.3623 3515
52.3758 3516
52.3893 3517
52.4029 3517
52.4164 3518
52.4299 3518
52.4435 3519
52.457 3519
52.4706 3520
52.4841 3521
52.4976 3521
52.5112 3522
52.5247 3522
52.5382 3522
52.5518 3523
52.5653 3523
52.5789 3524
52.5924 3524
52.6059 3524
52.6195 3525
52.633 3525
52.6465 3526
52.6601 3526
52.6736 3526
52.6872 3527
52.7007 3528
52.7142 3528
52.7278 3529
52.7413 3529
52.7548 3530
52.7684 3530
52.7819 3531
52.7955 3532
52.809 3532
52.8225 3533
52.8361 3533
52.8496 3534
52.8631 3534
52.8767 3535
52.8902 3536
52.9037 3536
52.9173 3536
52.9308 3536
52.9444 3537
52.9579 3538
52.9714 3538
52.985 3538
52.9985 3539
53.012 3539
53.0256 3540
53.0391 3540
53.0527 3541
53.0662 3541
53.0797 3542
53.0933 3543
53.1068 3543
53.1203 3544
53.1339 3544
53.1474 3545
53.161 3545
53.1745 3546
53.188 3547
53.2016 3547
53.2151 3548
53.2286 3549
53.2422 3550
53.2557 3550
53.2693 3551
53.2828 3552
53.2963 3552
53.3099 3553
53.3234 3554
53.3369 3555
53.3505 3555
53.364 3556
53.3776 3557
53.3911 3557
53.4046 3558
53.4182 3559
53.4317 3560
53.4452 3560
53.4588 3561
53.4723 3562
53.4859 3562
53.4994 3563
53.5129 3563
53.5265 3564
53.54 3564
53.5535 3565
53.5671 3565
53.5806 3566
53.5942 3566
53.6077 3566
53.6212 3567
53.6348 3567
53.6483 3568
53.6618 3568
53.6754 3568
53.6889 3569
53.7025 3569
53.716 3570
53.7295 3570
53.7431 3570
53.7566 3571
53.7701 3571
53.7837 3572
53.7972 3572
53.8107 3572
53.8243 3572
53.8378 3572
53.8514 3572
53.8649 3572
53.8784 3572
53.892 3573
53.9055 3573
53.919 3574
53.9326 3575
53.9461 3575
53.9597 3576
53.9732 3576
53.9867 3576
54.0003 3577
54.0138 3577
54.0273 3577
54.0409 3578
54.0544 3578
54.068 3579
54.0815 3579
54.095 3579
54.1086 3580
54.1221 3581
54.1356 3581
54.1492 3582
54.1627 3582
54.1763 3582
54.1898 3583
54.2033 3583
54.2169 3584
54.2304 3584
54.2439 3585
54.2575 3585
54.271 3586
54.2846 3586
54.2981 3587
54.3116 3587
54.3252 3588
54.3387 3588
54.3522 3589
54.3658 3589
54.3793 3590
54.3929 3590
54.4064 3591
54.4199 3591
54.4335 3592
54.447 3592
54.4605 3593
54.4741 3593
54.4876 3594
54.5012 3594
54.5147 3595
54.5282 3595
54.5418 3596
54.5553 3596
54.5688 3597
54.5824 3597
54.5959 3598
54.6094 3598
54.623 3599
54.6365 3599
54.6501 3600
54.6636 3600
54.6771 3601
54.6907 3601
54.7042 3602
54.7177 3602
54.7313 3603
54.7448 3603
54.7584 3604
54.7719 3604
54.7854 3605
54.799 3605
54.8125 3606
54.826 3606
54.8396 3607
54.8531 3607
54.8667 3608
54.8802 3608
54.8937 3609
54.9073 3609
54.9208 3610
54.9343 3610
54.9479 3611
54.9614 3611
54.975 3612
54.9885 3613
55.002 3613
55.0156 3614
55.0291 3614
55.0426 3614
55.0562 3614
55.0697 3614
55.0833 3614
55.0968 3615
55.1103 3615
55.1239 3615
55.1374 3615
55.1509 3615
55.1645 3616
55.178 3616
55.1916 3617
55.2051 3618
55.2186 3618
55.2322 3619
55.2457 3672
55.2592 3672
55.2728 3673
55.2863 3673
55.2999 3674
55.3134 3675
55.3269 3676
55.3405 3677
55.354 3678
55.3675 3678
55.3811 3679
55.3946 3679
55.4081 3679
55.4217 3679
55.4352 3680
55.4488 3680
55.4623 3680
55.4758 3680
55.4894 3680
55.5029 3680
55.5164 3680
55.53 3680
55.5435 3680
55.5571 3681
55.5706 3681
55.5841 3682
55.5977 3682
55.6112 3683
55.6247 3933
55.6383 3933
55.6518 3934
55.6654 3934
55.6789 3935
55.6924 3935
55.706 3936
55.7195 3936
55.733 3937
55.7466 3937
55.7601 3938
55.7737 3938
55.7872 3939
55.8007 3939
55.8143 3940
55.8278 3940
55.8413 3941
55.8549 3941
55.8684 3942
55.882 3942
55.8955 3943
55.909 3943
55.9226 3944
55.9361 3944
55.9496 3945
55.9632 3945
55.9767 3946
55.9903 3946
56.0038 3947
56.0173 3947
56.0309 3948
56.0444 3948
56.0579 3949
56.0715 3949
56.085 3949
56.0986 3949
56.1121 3950
56.1256 3950
56.1392 3951
56.1527 3951
56.1662 3952
56.1798 3952
56.1933 3953
56.2068 3953
56.2204 3954
56.2339 3954
56.2475 3955
56.261 3955
56.2745 3956
56.2881 3956
56.3016 3957
56.3151 3957
56.3287 3957
56.3422 3958
56.3558 3958
56.3693 3959
56.3828 3960
56.3964 3961
56.4099 3962
56.4234 3963
56.437 3964
56.4505 3965
56.4641 3966
56.4776 3967
56.4911 3968
56.5047 3969
56.5182 3970
56.5317 3971
56.5453 3972
56.5588 3973
56.5724 3974
56.5859 3975
56.5994 3976
56.613 3976
56.6265 3977
56.64 3978
56.6536 3979
56.6671 3979
56.6807 3980
56.6942 3981
56.7077 3982
56.7213 3982
56.7348 3983
56.7483 3984
56.7619 3985
56.7754 3986
56.789 3987
56.8025 3988
56.816 3989
56.8296 3990
56.8431 3991
56.8566 3992
56.8702 3993
56.8837 3994
56.8973 3995
56.9108 3996
56.9243 3997
56.9379 3998
56.9514 3999
56.9649 4000
56.9785 4001
56.992 4002
57.0056 4003
57.0191 4004
57.0326 4005
57.0462 4006
57.0597 4007
57.0732 4008
57.0868 4009
57.1003 4010
57.1138 4011
57.1274 4011
57.1409 4012
57.1545 4013
57.168 4014
57.1815 4015
57.1951 4016
57.2086 4017
57.2221 4018
57.2357 4018
57.2492 4019
57.2628 4019
57.2763 4020
57.2898 4021
57.3034 4022
57.3169 4023
57.3304 4024
57.344 4025
57.3575 4026
57.3711 4027
57.3846 4028
57.3981 4029
57.4117 4030
57.4252 4031
57.4387 4032
57.4523 4033
57.4658 4034
57.4794 4035
57.4929 4036
57.5064 4037
57.52 4038
57.5335 4039
57.547 4120
57.5606 4121
57.5741 4122
57.5877 4123
57.6012 4124
57.6147 4125
57.6283 4126
57.6418 4127
57.6553 4128
57.6689 4129
57.6824 4130
57.696 4131
57.7095 4132
57.723 4133
57.7366 4134
57.7501 4135
57.7636 4136
57.7772 4137
57.7907 4138
57.8043 4139
57.8178 4139
57.8313 4140
57.8449 4141
57.8584 4142
57.8719 4143
57.8855 4144
57.899 4145
57.9125 4146
57.9261 4147
57.9396 4148
57.9532 4149
57.9667 4150
57.9802 4151
57.9938 4152
58.0073 4153
58.0208 4154
58.0344 4155
58.0479 4156
58.0615 4157
58.075 4158
58.0885 4159
58.1021 4160
58.1156 4161
58.1291 4162
58.1427 4163
58.1562 4164
58.1698 4165
58.1833 4166
58.1968 4167
58.2104 4168
58.2239 4169
58.2374 4170
58.251 4171
58.2645 4172
58.2781 4173
58.2916 4174
58.3051 4175
58.3187 4176
58.3322 4177
58.3457 4178
58.3593 4179
58.3728 4180
58.3864 4180
58.3999 4181
58.4134 4182
58.427 4183
58.4405 4184
58.454 4185
58.4676 4186
58.4811 4187
58.4947 4188
58.5082 4189
58.5217 4190
58.5353 4191
58.5488 4192
58.5623 4193
58.5759 4193
58.5894 4194
58.603 4194
58.6165 4195
58.63 4196
58.6436 4197
58.6571 4198
58.6706 4199
58.6842 4200
58.6977 4201
58.7112 4202
58.7248 4203
58.7383 4204
58.7519 4205
58.7654 4206
58.7789 4207
58.7925 4208
58.806 4209
58.8195 4210
58.8331 4211
58.8466 4212
58.8602 4213
58.8737 4214
58.8872 4215
58.9008 4216
58.9143 4217
58.9278 4218
58.9414 4219
58.9549 4220
58.9685 4221
58.982 4222
58.9955 4223
59.0091 4224
59.0226 4225
59.0361 4226
59.0497 4227
59.0632 4228
59.0768 4229
59.0903 4230
59.1038 4231
59.1174 4232
59.1309 4233
59.1444 4233
59.158 4234
59.1715 4235
59.1851 4236
59.1986 4237
59.2121 4238
59.2257 4239
59.2392 4240
59.2527 4241
59.2663 4242
59.2798 4243
59.2934 4244
59.3069 4245
59.3204 4246
59.334 4247
59.3475 4248
59.361 4249
59.3746 4250
59.3881 4251
59.4017 4252
59.4152 4253
59.4287 4254
59.4423 4254
59.4558 4255
59.4693 4256
59.4829 4257
59.4964 4258
59.5099 4259
59.5235 4260
59.537 4261
59.5506 4262
59.5641 4263
59.5776 4264
59.5912 4265
59.6047 4266
59.6182 4266
59.6318 4267
59.6453 4268
59.6589 4269
59.6724 4270
59.6859 4271
59.6995 4272
59.713 4273
59.7265 4274
59.7401 4275
59.7536 4276
59.7672 4277
59.7807 4278
59.7942 4279
59.8078 4280
59.8213 4281
59.8348 4282
59.8484 4283
59.8619 4283
59.8755 4284
59.889 4284
59.9025 4285
59.9161 4286
59.9296 4287
59.9431 4288
59.9567 4289
59.9702 4290
59.9838 4291
59.9973 4292
60.0108 4293
60.0244 4294
60.0379 4295
60.0514 4296
60.065 4297
60.0785 4298
60.0921 4299
60.1056 4300
60.1191 4301
60.1327 4302
60.1462 4303
60.1597 4304
60.1733 4305
60.1868 4306
60.2004 4307
60.2139 4308
60.2274 4309
60.241 4310
60.2545 4311
60.268 4312
60.2816 3855
60.2951 3856
60.3087 3857
60.3222 3858
60.3357 3859
60.3493 3860
60.3628 3861
60.3763 3862
60.3899 3863
60.4034 3864
60.4169 3865
60.4305 3866
60.444 3866
60.4576 3867
60.4711 3867
60.4846 3868
60.4982 3869
60.5117 3870
60.5252 3871
60.5388 3872
60.5523 3873
60.5659 3874
60.5794 3875
60.5929 3876
60.6065 3877
60.62 3878
60.6335 3879
60.6471 3880
60.6606 3881
60.6742 3882
60.6877 3883
60.7012 3884
60.7148 3885
60.7283 3886
60.7418 3887
60.7554 3888
60.7689 3888
60.7825 3889
60.796 3890
60.8095 3891
60.8231 3892
60.8366 3893
60.8501 3894
60.8637 3895
60.8772 3896
60.8908 3897
60.9043 3897
60.9178 3898
60.9314 3898
60.9449 3899
60.9584 3899
60.972 3900
60.9855 3901
60.9991 3902
61.0126 3903
61.0261 3904
61.0397 3905
61.0532 3906
61.0667 3907
61.0803 3908
61.0938 3909
61.1074 3910
61.1209 3911
61.1344 3912
61.148 3913
61.1615 3913
61.175 3914
61.1886 3914
61.2021 3915
61.2156 3916
61.2292 3917
61.2427 3918
61.2563 3919
61.2698 3920
61.2833 3921
61.2969 3922
61.3104 3923
61.3239 3923
61.3375 3924
61.351 3925
61.3646 3926
61.3781 3927
61.3916 3928
61.4052 3929
61.4187 3930
61.4322 3931
61.4458 3932
61.4593 3933
61.4729 3934
61.4864 3935
61.4999 3936
61.5135 3937
61.527 3938
61.5405 3939
61.5541 3940
61.5676 3941
61.5812 3942
61.5947 3943
61.6082 3944
61.6218 3945
61.6353 3946
61.6488 3947
61.6624 3948
61.6759 3949
61.6895 3950
61.703 3950
61.7165 3951
61.7301 3952
61.7436 3953
61.7571 3954
61.7707 3955
61.7842 3956
61.7978 3957
61.8113 3958
61.8248 3959
61.8384 3960
61.8519 3961
61.8654 3962
61.879 3963
61.8925 3964
61.9061 3965
61.9196 3966
61.9331 3967
61.9467 3968
61.9602 3969
61.9737 3970
61.9873 3971
62.0008 3972
62.0143 3973
62.0279 3974
62.0414 3975
62.055 3976
62.0685 3977
62.082 3978
62.0956 3979
62.1091 3980
62.1226 3981
62.1362 3981
62.1497 3982
62.1633 3983
62.1768 3984
62.1903 3985
62.2039 3986
62.2174 3987
62.2309 3988
62.2445 3989
62.258 3990
62.2716 3991
62.2851 3992
62.2986 3993
62.3122 3994
62.3257 3994
62.3392 3995
62.3528 3996
62.3663 3997
62.3799 3998
62.3934 4000
62.4069 4001
62.4205 4002
62.434 4003
62.4475 4004
62.4611 4005
62.4746 4005
62.4882 4006
62.5017 4007
62.5152 4007
62.5288 4008
62.5423 4009
62.5558 4010
62.5694 4011
62.5829 4012
62.5965 4012
62.61 4013
62.6235 4014
62.6371 4015
62.6506 4016
62.6641 4017
62.6777 4018
62.6912 4019
62.7048 4019
62.7183 4020
62.7318 4021
62.7454 4022
62.7589 4023
62.7724 4024
62.786 4025
62.7995 4026
62.813 4027
62.8266 4028
62.8401 4029
62.8537 4030
62.8672 4031
62.8807 4032
62.8943 4033
62.9078 4033
62.9213 4034
62.9349 4035
62.9484 4036
62.962 4037
62.9755 4038
62.989 4039
63.0026 4040
63.0161 4041
63.0296 4042
63.0432 4043
63.0567 4044
63.0703 4045
63.0838 4046
63.0973 4047
63.1109 4048
63.1244 4049
63.1379 4050
63.1515 4051
63.165 4052
63.1786 4053
63.1921 4054
63.2056 4055
63.2192 4056
63.2327 4057
63.2462 4058
63.2598 4059
63.2733 4060
63.2869 4061
63.3004 4062
63.3139 4063
63.3275 4064
63.341 4064
63.3545 4065
63.3681 4066
63.3816 4067
63.3952 4068
63.4087 4069
63.4222 4070
63.4358 4071
63.4493 4072
63.4628 4073
63.4764 4074
63.4899 4075
63.5035 4076
63.517 4077
63.5305 4078
63.5441 4079
63.5576 4080
63.5711 4081
63.5847 4081
63.5982 4082
63.6118 4083
63.6253 4084
63.6388 4085
63.6524 4086
63.6659 4087
63.6794 4087
63.693 4088
63.7065 4089
63.72 4090
63.7336 4091
63.7471 4092
63.7607 4093
63.7742 4094
63.7877 4095
63.8013 4096
63.8148 4097
63.8283 4098
63.8419 4099
63.8554 4100
63.869 4101
63.8825 4102
63.896 4103
63.9096 4104
63.9231 4104
63.9366 4105
63.9502 4106
63.9637 4107
63.9773 4108
63.9908 4109
64.0043 4109
64.0179 4110
64.0314 4111
64.0449 4112
64.0585 4113
64.072 4114
64.0856 4115
64.0991 4116
64.1126 4116
64.1262 4117
64.1397 4118
64.1532 4119
64.1668 4120
64.1803 4121
64.1939 4121
64.2074 4362
64.2209 4363
64.2345 4364
64.248 4365
64.2615 4366
64.2751 4367
64.2886 4368
64.3022 4369
64.3157 4370
64.3292 4371
64.3428 4372
64.3563 4373
64.3698 4373
64.3834 4374
64.3969 4374
64.4105 4375
64.424 4375
64.4375 4376
64.4511 4376
64.4646 4377
64.4781 4378
64.4917 4379
64.5052 4380
64.5187 4381
64.5323 4382
64.5458 4383
64.5594 4384
64.5729 4385
64.5864 4386
64.6 4387
64.6135 4388
64.627 4388
64.6406 4389
64.6541 4390
64.6677 4391
64.6812 4392
64.6947 4393
64.7083 4394
64.7218 4395
64.7353 4396
64.7489 4397
64.7624 4398
64.776 4399
64.7895 4400
64.803 4401
64.8166 4402
64.8301 4403
64.8436 4403
64.8572 4404
64.8707 4405
64.8843 4406
64.8978 4407
64.9113 4408
64.9249 4408
64.9384 4409
64.9519 4410
64.9655 4411
64.979 4412
64.9926 4413
65.0061 4414
65.0196 4415
65.0332 4416
65.0467 4417
65.0602 4418
65.0738 4418
65.0873 4419
65.1009 4420
65.1144 4420
65.1279 4421
65.1415 4422
65.155 4423
65.1685 4424
65.1821 4424
65.1956 4425
65.2092 4426
65.2227 4427
65.2362 4428
65.2498 4429
65.2633 4430
65.2768 4431
65.2904 4432
65.3039 4433
65.3174 4434
65.331 4435
65.3445 4436
65.3581 4437
65.3716 4438
65.3851 4439
65.3987 4439
65.4122 4440
65.4257 4441
65.4393 4442
65.4528 4443
65.4664 4444
65.4799 4445
65.4934 4446
65.507 4446
65.5205 4447
65.534 4447
65.5476 4448
65.5611 4449
65.5747 4450
65.5882 4450
65.6017 4451
65.6153 4451
65.6288 4452
65.6423 4453
65.6559 4454
65.6694 4455
65.683 4456
65.6965 4457
65.71 4458
65.7236 4459
65.7371 4460
65.7506 4460
65.7642 4461
65.7777 4462
65.7913 4463
65.8048 4464
65.8183 4465
65.8319 4466
65.8454 4467
65.8589 4468
65.8725 4469
65.886 4470
65.8996 4471
65.9131 4472
65.9266 4473
65.9402 4474
65.9537 4475
65.9672 4476
65.9808 4477
65.9943 4478
66.0079 4479
66.0214 4480
66.0349 4481
66.0485 4481
66.062 4482
66.0755 4483
66.0891 4484
66.1026 4485
66.1161 4486
66.1297 4487
66.1432 4488
66.1568 4489
66.1703 4490
66.1838 4491
66.1974 4492
66.2109 4493
66.2244 4494
66.238 4495
66.2515 4496
66.2651 4497
66.2786 4498
66.2921 4499
66.3057 4573
66.3192 4574
66.3327 4575
66.3463 4576
66.3598 4577
66.3734 4578
66.3869 4579
66.4004 4580
66.414 4581
66.4275 4582
66.441 4583
66.4546 4584
66.4681 4585
66.4817 4586
66.4952 4587
66.5087 4588
66.5223 4589
66.5358 4590
66.5493 4591
66.5629 4592
66.5764 4593
66.59 4594
66.6035 4595
66.617 4596
66.6306 4597
66.6441 4598
66.6576 4599
66.6712 4600
66.6847 4601
66.6983 4602
66.7118 4603
66.7253 4604
66.7389 4605
66.7524 4606
66.7659 4607
66.7795 4608
66.793 4609
66.8066 4610
66.8201 4611
66.8336 4612
66.8472 4613
66.8607 4614
66.8742 4614
66.8878 4615
66.9013 4616
66.9149 4617
66.9284 4618
66.9419 4619
66.9555 4620
66.969 4621
66.9825 4622
66.9961 4623
67.0096 4624
67.0231 4625
67.0367 4625
67.0502 4626
67.0638 4626
67.0773 4627
67.0908 4628
67.1044 4629
67.1179 4630
67.1314 4631
67.145 4632
67.1585 4633
67.1721 4634
67.1856 4665
67.1991 4666
67.2127 4667
67.2262 4668
67.2397 4669
67.2533 4670
67.2668 4671
67.2804 4672
67.2939 4673
67.3074 4674
67.321 4675
67.3345 4676
67.348 4677
67.3616 4678
67.3751 4678
67.3887 4679
67.4022 4680
67.4157 4681
67.4293 4682
67.4428 4683
67.4563 4684
67.4699 4685
67.4834 4686
67.497 4687
67.5105 4688
67.524 4689
67.5376 4690
67.5511 4691
67.5646 4692
67.5782 4693
67.5917 4694
67.6053 4695
67.6188 4696
67.6323 4697
67.6459 4698
67.6594 4699
67.6729 4700
67.6865 4701
67.7 4701
67.7136 4702
67.7271 4702
67.7406 4703
67.7542 4703
67.7677 4704
67.7812 4705
67.7948 4706
67.8083 4706
67.8218 4706
67.8354 4707
67.8489 4708
67.8625 4709
67.876 4710
67.8895 4711
67.9031 4712
67.9166 4713
67.9301 4714
67.9437 4715
67.9572 4716
67.9708 4717
67.9843 4718
67.9978 4719
68.0114 4720
68.0249 4721
68.0384 4722
68.052 4723
68.0655 4724
68.0791 4725
68.0926 4726
68.1061 4727
68.1197 4728
68.1332 4729
68.1467 4730
68.1603 4731
68.1738 4732
68.1874 4733
68.2009 4734
68.2144 4735
68.228 4736
68.2415 4737
68.255 4738
68.2686 4739
68.2821 4740
68.2957 4741
68.3092 4742
68.3227 4743
68.3363 4744
68.3498 4745
68.3633 4746
68.3769 4747
68.3904 4748
68.404 4749
68.4175 4750
68.431 4751
68.4446 4752
68.4581 4753
68.4716 4754
68.4852 4755
68.4987 4756
68.5123 4757
68.5258 4758
68.5393 4759
68.5529 4760
68.5664 4761
68.5799 4762
68.5935 4763
68.607 4764
68.6205 4765
68.6341 4766
68.6476 4767
68.6612 4767
68.6747 4768
68.6882 4769
68.7018 4770
68.7153 4771
68.7288 4772
68.7424 4773
68.7559 4774
68.7695 4775
68.783 4776
68.7965 4777
68.8101 4778
68.8236 4779
68.8371 4780
68.8507 4781
68.8642 4782
68.8778 4783
68.8913 4784
68.9048 4785
68.9184 4786
68.9319 4787
68.9454 4788
68.959 4789
68.9725 4790
68.9861 4790
68.9996 4791
69.0131 4792
69.0267 4793
69.0402 4793
69.0537 4794
69.0673 4795
69.0808 4796
69.0944 4797
69.1079 4798
69.1214 4799
69.135 4800
69.1485 4801
69.162 4802
69.1756 4803
69.1891 4804
69.2027 4805
69.2162 4806
69.2297 4807
69.2433 4808
69.2568 4809
69.2703 4810
69.2839 4811
69.2974 4812
69.311 4813
69.3245 4814
69.338 4815
69.3516 4816
69.3651 4817
69.3786 4818
69.3922 4819
69.4057 4820
69.4193 4821
69.4328 4822
69.4463 4822
69.4599 4823
69.4734 4824
69.4869 4825
69.5005 4826
69.514 4827
69.5275 4828
69.5411 4829
69.5546 4830
69.5682 4831
69.5817 4832
69.5952 4833
69.6088 4834
69.6223 4835
69.6358 4836
69.6494 4837
69.6629 4838
69.6765 4839
69.69 4840
69.7035 4841
69.7171 4842
69.7306 4843
69.7441 4844
69.7577 4845
69.7712 4846
69.7848 4847
69.7983 4848
69.8118 4849
69.8254 4850
69.8389 4851
69.8524 4852
69.866 4853
69.8795 4854
69.8931 4855
69.9066 4856
69.9201 4856
69.9337 4857
69.9472 4858
69.9607 4859
69.9743 4860
69.9878 4861
70.0014 4862
70.0149 4863
70.0284 4864
70.042 4865
70.0555 4866
70.069 4867
70.0826 4868
70.0961 4869
70.1097 4870
70.1232 4871
70.1367 4872
70.1503 4873
70.1638 4874
70.1773 4875
70.1909 4876
70.2044 4877
70.218 4878
70.2315 4879
70.245 4880
70.2586 4881
70.2721 4882
70.2856 4883
70.2992 4884
70.3127 4885
70.3262 4886
70.3398 5000
70.3533 5001
70.3669 5002
70.3804 5003
70.3939 5004
70.4075 5012
70.421 5013
70.4345 5014
70.4481 5015
70.4616 5016
70.4752 5017
70.4887 5018
70.5022 5019
70.5158 5020
70.5293 5021
70.5428 5022
70.5564 5023
70.5699 5024
70.5835 5025
70.597 5026
70.6105 5027
70.6241 5028
70.6376 5029
70.6511 5030
70.6647 5031
70.6782 5032
70.6918 5033
70.7053 5034
70.7188 5033
70.7324 5034
70.7459 5035
70.7594 5036
70.773 5037
70.7865 5038
70.8001 5039
70.8136 5040
70.8271 5041
70.8407 5042
70.8542 5043
70.8677 5044
70.8813 5045
70.8948 5046
70.9084 5047
70.9219 5048
70.9354 5049
70.949 5050
70.9625 5051
70.976 5052
70.9896 5053
71.0031 5054
71.0167 5055
71.0302 5056
71.0437 5057
71.0573 5058
71.0708 5059
71.0843 5060
71.0979 5061
71.1114 5062
71.1249 5063
71.1385 5064
71.152 5065
71.1656 5066
71.1791 5067
71.1926 5068
71.2062 5069
71.2197 5070
71.2332 5071
71.2468 5072
71.2603 5073
71.2739 5074
71.2874 5075
71.3009 5076
71.3145 5077
71.328 5078
71.3415 5079
71.3551 5080
71.3686 5081
71.3822 5082
71.3957 5083
71.4092 5084
71.4228 5085
71.4363 5086
71.4498 5087
71.4634 5088
71.4769 5089
71.4905 5090
71.504 5091
71.5175 5092
71.5311 5093
71.5446 5094
71.5581 5095
71.5717 5096
71.5852 5097
71.5988 5098
71.6123 5099
71.6258 5100
71.6394 5101
71.6529 5102
71.6664 5103
71.68 5104
71.6935 5105
71.7071 5106
71.7206 5107
71.7341 5108
71.7477 5109
71.7612 5110
71.7747 5111
71.7883 5112
71.8018 5113
71.8154 5114
71.8289 5115
71.8424 5116
71.856 5117
71.8695 5118
71.883 5119
71.8966 5120
71.9101 5121
71.9236 5122
71.9372 5123
71.9507 5124
71.9643 5125
71.9778 5126
71.9913 5127
72.0049 5128
72.0184 5129
72.0319 5130
72.0455 5131
72.059 5132
72.0726 5133
72.0861 5134
72.0996 5135
72.1132 5136
72.1267 5137
72.1402 5138
72.1538 5139
72.1673 5140
72.1809 5141
72.1944 5142
72.2079 5143
72.2215 5144
72.235 5145
72.2485 5146
72.2621 5147
72.2756 5148
72.2892 5149
72.3027 5150
72.3162 5151
72.3298 5152
72.3433 5153
72.3568 5154
72.3704 5155
72.3839 5156
72.3975 5157
72.411 5158
72.4245 5159
72.4381 5160
72.4516 5161
72.4651 5162
72.4787 5163
72.4922 5164
72.5058 5165
72.5193 5166
72.5328 5167
72.5464 5168
72.5599 5169
72.5734 5170
72.587 5171
72.6005 5172
72.6141 5173
72.6276 5174
72.6411 5175
72.6547 5176
72.6682 5177
72.6817 5178
72.6953 5179
72.7088 5180
72.7224 5181
72.7359 5182
72.7494 5183
72.763 5184
72.7765 5185
72.79 5186
72.8036 5187
72.8171 5188
72.8306 5189
72.8442 5190
72.8577 5191
72.8713 5192
72.8848 5193
72.8983 5194
72.9119 5195
72.9254 5196
72.9389 5197
72.9525 5198
72.966 5199
72.9796 5200
72.9931 5201
73.0066 5202
73.0202 5203
73.0337 5204
73.0472 5205
73.0608 5206
73.0743 5207
73.0879 5208
73.1014 5209
73.1149 5210
73.1285 5211
73.142 5212
73.1555 5213
73.1691 5214
73.1826 5215
73.1962 5216
73.2097 5217
73.2232 5218
73.2368 5219
73.2503 5220
73.2638 5325
73.2774 5326
73.2909 5327
73.3045 5328
73.318 5329
73.3315 5330
73.3451 5331
73.3586 5332
73.3721 5333
73.3857 5334
73.3992 5335
73.4128 5336
73.4263 5337
73.4398 5338
73.4534 5339
73.4669 5340
73.4804 5341
73.494 5342
73.5075 5343
73.5211 5344
73.5346 5345
73.5481 5346
73.5617 5347
73.5752 5348
73.5887 5349
73.6023 5350
73.6158 5351
73.6293 5352
73.6429 5353
73.6564 5354
73.67 5355
73.6835 5356
73.697 5357
73.7106 5358
73.7241 5359
73.7376 5360
73.7512 5361
73.7647 5362
73.7783 5363
73.7918 5364
73.8053 5365
73.8189 5366
73.8324 5367
73.8459 5368
73.8595 5369
73.873 5370
73.8866 5371
73.9001 5372
73.9136 5373
73.9272 5374
73.9407 5375
73.9542 5376
73.9678 5377
73.9813 5378
73.9949 5379
74.0084 5380
74.0219 5381
74.0355 5382
74.049 5383
74.0625 5384
74.0761 5385
74.0896 5386
74.1032 5387
74.1167 5388
74.1302 5389
74.1438 5390
74.1573 5391
74.1708 5392
74.1844 5393
74.1979 5394
74.2115 5395
74.225 5396
74.2385 5397
74.2521 5398
74.2656 5399
74.2791 5400
74.2927 5401
74.3062 5402
74.3198 5403
74.3333 5404
74.3468 5405
74.3604 5406
74.3739 5407
74.3874 5408
74.401 5409
74.4145 5410
74.428 5411
74.4416 5412
74.4551 5413
74.4687 5414
74.4822 5415
74.4957 5416
74.5093 5417
74.5228 5418
74.5363 5419
74.5499 5420
74.5634 5421
74.577 5422
74.5905 5423
74.604 5424
74.6176 5425
74.6311 5426
74.6446 5427
74.6582 5428
74.6717 5429
74.6853 5430
74.6988 5431
74.7123 5432
74.7259 5433
74.7394 5434
74.7529 5435
74.7665 5436
74.78 5437
74.7936 5438
74.8071 5439
74.8206 5440
74.8342 5441
74.8477 5442
74.8612 5443
74.8748 5444
74.8883 5445
74.9019 5446
74.9154 5447
74.9289 5448
74.9425 5449
74.956 5450
74.9695 5451
74.9831 5452
74.9966 5453
75.0102 5454
75.0237 5455
75.0372 5456
75.0508 5457
75.0643 5458
75.0778 5459
75.0914 5460
75.1049 5461
75.1185 5462
75.132 5463
75.1455 5464
75.1591 5465
75.1726 5466
75.1861 5467
75.1997 5468
75.2132 5469
75.2267 5470
75.2403 5471
75.2538 5472
75.2674 5473
75.2809 5474
75.2944 5475
75.308 5476
75.3215 5477
75.335 5478
75.3486 5479
75.3621 5480
75.3757 5481
75.3892 5482
75.4027 5483
75.4163 5484
75.4298 5485
75.4433 5486
75.4569 5487
75.4704 5488
75.484 5489
75.4975 5490
75.511 5491
75.5246 5492
75.5381 5493
75.5516 5494
75.5652 5495
75.5787 5496
75.5923 5497
75.6058 5498
75.6193 5499
75.6329 5500
75.6464 5501
75.6599 5502
75.6735 5503
75.687 5504
75.7006 5505
75.7141 5506
75.7276 5507
75.7412 5508
75.7547 5509
75.7682 5510
75.7818 5511
75.7953 5512
75.8089 5513
75.8224 5514
75.8359 5515
75.8495 5516
75.863 5517
75.8765 5518
75.8901 5519
75.9036 5520
75.9172 5521
75.9307 5522
75.9442 5523
75.9578 5524
75.9713 5525
75.9848 5526
75.9984 5527
76.0119 5528
76.0255 5529
76.039 5530
76.0525 5531
76.0661 5532
76.0796 5532
76.0931 5533
76.1067 5534
76.1202 5535
76.1337 5536
76.1473 5537
76.1608 5538
76.1744 5539
76.1879 5540
76.2014 5541
76.215 5542
76.2285 5543
76.242 5544
76.2556 5545
76.2691 5546
76.2827 5547
76.2962 5548
76.3097 5549
76.3233 5550
76.3368 5551
76.3503 5552
76.3639 5553
76.3774 5554
76.391 5555
76.4045 5556
76.418 5557
76.4316 5558
76.4451 5559
76.4586 5560
76.4722 5561
76.4857 5562
76.4993 5563
76.5128 5564
76.5263 5565
76.5399 5566
76.5534 5567
76.5669 5568
76.5805 5569
76.594 5570
76.6076 5571
76.6211 5572
76.6346 5573
76.6482 5574
76.6617 5575
76.6752 5576
76.6888 5577
76.7023 5578
76.7159 5579
76.7294 5580
76.7429 5581
76.7565 5582
76.77 5583
76.7835 5584
76.7971 5585
76.8106 5586
76.8242 5587
76.8377 5588
76.8512 5589
76.8648 5590
76.8783 5591
76.8918 5592
76.9054 5593
76.9189 5594
76.9324 5595
76.946 5596
76.9595 5597
76.9731 5598
76.9866 5599
77.0001 5600
77.0137 5601
77.0272 5602
77.0407 5603
77.0543 5604
77.0678 5605
77.0814 5606
77.0949 5607
77.1084 5608
77.122 5609
77.1355 5610
77.149 5611
77.1626 5612
77.1761 5613
77.1897 5614
77.2032 5615
77.2167 5616
77.2303 5617
77.2438 5618
77.2573 5619
77.2709 5620
77.2844 5621
77.298 5622
77.3115 5623
77.325 5624
77.3386 5625
77.3521 5626
77.3656 5627
77.3792 5628
77.3927 5629
77.4063 5630
77.4198 5631
77.4333 5632
77.4469 5633
77.4604 5634
77.4739 5635
77.4875 5636
77.501 5637
77.5146 5638
77.5281 5639
77.5416 5640
77.5552 5641
77.5687 5642
77.5822 5643
77.5958 5644
77.6093 5645
77.6229 5646
77.6364 5647
77.6499 5648
77.6635 5649
77.677 5650
77.6905 5651
77.7041 5652
77.7176 5653
77.7311 5654
77.7447 5655
77.7582 5656
77.7718 5657
77.7853 5658
77.7988 5659
77.8124 5660
77.8259 5661
77.8394 5662
77.853 5663
77.8665 5664
77.8801 5665
77.8936 5666
77.9071 5667
77.9207 5668
77.9342 5669
77.9477 5670
77.9613 5671
77.9748 5672
77.9884 5673
78.0019 5674
78.0154 5675
78.029 5676
78.0425 5852
78.056 5853
78.0696 5854
78.0831 5855
78.0967 5856
78.1102 5858
78.1237 5859
78.1373 5859
78.1508 5860
78.1643 5861
78.1779 5862
78.1914 5863
78.205 5864
78.2185 5865
78.232 5866
78.2456 5867
78.2591 5868
78.2726 5869
78.2862 5870
78.2997 5871
78.3133 5872
78.3268 5872
78.3403 5872
78.3539 5880
78.3674 5881
78.3809 5882
78.3945 5883
78.408 5884
78.4216 5886
78.4351 5887
78.4486 5888
78.4622 5889
78.4757 5890
78.4892 5891
78.5028 5892
78.5163 5893
78.5298 5894
78.5434 5895
78.5569 5896
78.5705 5897
78.584 5899
78.5975 5900
78.6111 5901
78.6246 5902
78.6381 5903
78.6517 5903
78.6652 5903
78.6788 5904
78.6923 5905
78.7058 5906
78.7194 5907
78.7329 5907
78.7464 5908
78.76 5909
78.7735 5909
78.7871 5910
78.8006 5911
78.8141 5911
78.8277 5912
78.8412 5913
78.8547 5913
78.8683 5914
78.8818 5915
78.8954 5915
78.9089 5916
78.9224 5917
78.936 5917
78.9495 5918
78.963 5919
78.9766 5919
78.9901 5920
79.0037 5921
79.0172 5921
79.0307 5922
79.0443 5923
79.0578 5923
79.0713 5924
79.0849 5925
79.0984 5925
79.112 5926
79.1255 5927
79.139 5927
79.1526 5928
79.1661 5929
79.1796 5929
79.1932 5930
79.2067 5930
79.2203 5930
79.2338 5931
79.2473 5932
79.2609 5932
79.2744 5933
79.2879 5934
79.3015 5934
79.315 5935
79.3286 5936
79.3421 5937
79.3556 5938
79.3692 5939
79.3827 5940
79.3962 5941
79.4098 5942
79.4233 5943
79.4368 5944
79.4504 5945
79.4639 5946
79.4775 5947
79.491 5948
79.5045 5949
79.5181 5950
79.5316 5951
79.5451 5952
79.5587 5953
79.5722 5954
79.5858 5955
79.5993 5956
79.6128 5957
79.6264 5958
79.6399 5959
79.6534 5960
79.667 5961
79.6805 5962
79.6941 5963
79.7076 5964
79.7211 5965
79.7347 5966
79.7482 5967
79.7617 5968
79.7753 5969
79.7888 5970
79.8024 5971
79.8159 5972
79.8294 5973
79.843 5974
79.8565 5975
79.87 5976
79.8836 5977
79.8971 5978
79.9107 5979
79.9242 5980
79.9377 5981
79.9513 5982
79.9648 5983
79.9783 5984
79.9919 5985
80.0054 5986
80.019 5987
80.0325 5988
80.046 5989
80.0596 5990
80.0731 5991
80.0866 5992
80.1002 5993
80.1137 5994
80.1273 5995
80.1408 5996
80.1543 5997
80.1679 5998
80.1814 5999
80.1949 6000
80.2085 6001
80.222 6002
80.2355 6003
80.2491 6004
80.2626 6005
80.2762 6006
80.2897 6007
80.3032 6008
80.3168 6009
80.3303 6009
80.3438 6010
80.3574 6011
80.3709 6012
80.3845 6013
80.398 6014
80.4115 6015
80.4251 6016
80.4386 6017
80.4521 6018
80.4657 6019
80.4792 6020
80.4928 6021
80.5063 6022
80.5198 6023
80.5334 6024
80.5469 6025
80.5604 6026
80.574 6027
80.5875 6028
80.6011 6029
80.6146 6030
80.6281 6030
80.6417 6031
80.6552 6032
80.6687 6033
80.6823 6034
80.6958 6035
80.7094 6036
80.7229 6037
80.7364 6038
80.75 6039
80.7635 6040
80.777 6041
80.7906 6042
80.8041 6043
80.8177 6044
80.8312 6045
80.8447 6046
80.8583 6047
80.8718 6048
80.8853 6049
80.8989 6049
80.9124 6050
80.926 6050
80.9395 6051
80.953 6051
80.9666 6052
80.9801 6052
80.9936 6053
81.0072 6053
81.0207 6054
81.0342 6055
81.0478 6056
81.0613 6057
81.0749 6058
81.0884 6059
81.1019 6060
81.1155 6061
81.129 6062
81.1425 6063
81.1561 6064
81.1696 6065
81.1832 6066
81.1967 6067
81.2102 6068
81.2238 6068
81.2373 6069
81.2508 6070
81.2644 6071
81.2779 6072
81.2915 6073
81.305 6074
81.3185 6075
81.3321 6076
81.3456 6077
81.3591 6078
81.3727 6079
81.3862 6080
81.3998 6081
81.4133 6082
81.4268 6083
81.4404 6084
81.4539 6085
81.4674 6086
81.481 6087
81.4945 6088
81.5081 6089
81.5216 6090
81.5351 6091
81.5487 6092
81.5622 6093
81.5757 6094
81.5893 6095
81.6028 6096
81.6164 6097
81.6299 6098
81.6434 6099
81.657 6100
81.6705 6101
81.684 6102
81.6976 6103
81.7111 6104
81.7247 6105
81.7382 6106
81.7517 6107
81.7653 6108
81.7788 6109
81.7923 6110
81.8059 6111
81.8194 6112
81.8329 6113
81.8465 6114
81.86 6115
81.8736 6116
81.8871 6117
81.9006 6118
81.9142 6119
81.9277 6120
81.9412 6121
81.9548 6122
81.9683 6123
81.9819 6124
81.9954 6125
82.0089 6125
82.0225 6126
82.036 6127
82.0495 6128
82.0631 6129
82.0766 6130
82.0902 6131
82.1037 6132
82.1172 6133
82.1308 6134
82.1443 6135
82.1578 6136
82.1714 6137
82.1849 6138
82.1985 6139
82.212 6140
82.2255 6141
82.2391 6142
82.2526 6143
82.2661 6144
82.2797 6145
82.2932 6146
82.3068 6147
82.3203 6148
82.3338 6149
82.3474 6150
82.3609 6151
82.3744 6152
82.388 6153
82.4015 6154
82.4151 6155
82.4286 6156
82.4421 6157
82.4557 6158
82.4692 6159
82.4827 6160
82.4963 6161
82.5098 6162
82.5234 6163
82.5369 6164
82.5504 6165
82.564 6166
82.5775 6167
82.591 6168
82.6046 6169
82.6181 6170
82.6317 6171
82.6452 6172
82.6587 6173
82.6723 6174
82.6858 6175
82.6993 6176
82.7129 6177
82.7264 6178
82.7399 6178
82.7535 6179
82.767 6179
82.7806 6180
82.7941 6181
82.8076 6182
82.8212 6183
82.8347 6184
82.8482 6185
82.8618 6186
82.8753 6187
82.8889 6188
82.9024 6189
82.9159 6190
82.9295 6191
82.943 6192
82.9565 6193
82.9701 6194
82.9836 6195
82.9972 6196
83.0107 6197
83.0242 6198
83.0378 6199
83.0513 6200
83.0648 6201
83.0784 6202
83.0919 6203
83.1055 6204
83.119 6205
83.1325 6206
83.1461 6207
83.1596 6208
83.1731 6209
83.1867 6210
83.2002 6211
83.2138 6212
83.2273 6213
83.2408 6214
83.2544 6215
83.2679 6216
83.2814 6217
83.295 6218
83.3085 6219
83.3221 6220
83.3356 6221
83.3491 6222
83.3627 6223
83.3762 6224
83.3897 6225
83.4033 6226
83.4168 6227
83.4304 6228
83.4439 6229
83.4574 6230
83.471 6231
83.4845 6232
83.498 6233
83.5116 7596
83.5251 7597
83.5386 7598
83.5522 7599
83.5657 7600
83.5793 7601
83.5928 7602
83.6063 7603
83.6199 7604
83.6334 7605
83.6469 7606
83.6605 7607
83.674 7608
83.6876 7609
83.7011 7610
83.7146 7611
83.7282 7612
83.7417 7613
83.7552 7614
83.7688 7615
83.7823 7616
83.7959 7617
83.8094 7618
83.8229 7619
83.8365 7620
83.85 7621
83.8635 7622
83.8771 7623
83.8906 7624
83.9042 7625
83.9177 7626
83.9312 7627
83.9448 7628
83.9583 7629
83.9718 7630
83.9854 7631
83.9989 7632
84.0125 7633
84.026 7634
84.0395 7635
84.0531 7636
84.0666 7637
84.0801 7638
84.0937 7639
84.1072 7640
84.1208 7641
84.1343 7642
84.1478 7643
84.1614 7644
84.1749 7645
84.1884 7645
84.202 7646
84.2155 7646
84.2291 7647
84.2426 7647
84.2561 7648
84.2697 7649
84.2832 7650
84.2967 7651
84.3103 7652
84.3238 7653
84.3373 7654
84.3509 7655
84.3644 7656
84.378 7657
84.3915 7658
84.405 7659
84.4186 7660
84.4321 7661
84.4456 7662
84.4592 7663
84.4727 7664
84.4863 7665
84.4998 7666
84.5133 7667
84.5269 7668
84.5404 7669
84.5539 7670
84.5675 7671
84.581 7672
84.5946 7673
84.6081 7674
84.6216 7675
84.6352 7676
84.6487 7677
84.6622 7678
84.6758 7679
84.6893 7680
84.7029 7681
84.7164 7682
84.7299 7683
84.7435 7684
84.757 7685
84.7705 7686
84.7841 7687
84.7976 7688
84.8112 7689
84.8247 7690
84.8382 7691
84.8518 7692
84.8653 7693
84.8788 7694
84.8924 7695
84.9059 7696
84.9195 7697
84.933 7698
84.9465 7699
84.9601 7700
84.9736 7701
84.9871 7702
85.0007 7703
85.0142 7704
85.0278 7705
85.0413 7706
85.0548 7707
85.0684 7708
85.0819 7709
85.0954 7710
85.109 7711
85.1225 7712
85.136 7713
85.1496 7714
85.1631 7715
85.1767 7716
85.1902 7717
85.2037 7718
85.2173 7719
85.2308 7720
85.2443 7721
85.2579 7722
85.2714 7723
85.285 7724
85.2985 7724
85.312 7725
85.3256 7726
85.3391 7727
85.3526 7728
85.3662 7729
85.3797 7730
85.3933 7731
85.4068 7732
85.4203 7733
85.4339 7734
85.4474 7735
85.4609 7736
85.4745 9925
85.488 9926
85.5016 9927
85.5151 9928
85.5286 9929
85.5422 9930
85.5557 9931
85.5692 9932
85.5828 9933
85.5963 9934
85.6099 9935
85.6234 9936
85.6369 9937
85.6505 9938
85.664 9939
85.6775 9940
85.6911 9941
85.7046 9942
85.7182 9943
85.7317 9944
85.7452 9945
85.7588 9946
85.7723 9947
85.7858 9948
85.7994 9949
85.8129 9950
85.8265 9951
85.84 9952
85.8535 9953
85.8671 9954
85.8806 9955
85.8941 9956
85.9077 9957
85.9212 9958
85.9348 9959
85.9483 9960
85.9618 9961
85.9754 9962
85.9889 9963
86.0024 9964
86.016 9965
86.0295 9966
86.043 9967
86.0566 9968
86.0701 9969
86.0837 9970
86.0972 9971
86.1107 9972
86.1243 9973
86.1378 9974
86.1513 9975
86.1649 9976
86.1784 9977
86.192 9978
86.2055 9979
86.219 9980
86.2326 9981
86.2461 9982
86.2596 9983
86.2732 9984
86.2867 9985
86.3003 9986
86.3138 9987
86.3273 9988
86.3409 9989
86.3544 9990
86.3679 9991
86.3815 9992
86.395 9993
86.4086 9994
86.4221 9995
86.4356 9996
86.4492 9997
86.4627 9998
86.4762 9999
86.4898 10000
86.5033 10001
86.5169 10002
86.5304 10003
86.5439 10004
86.5575 10005
86.571 10006
86.5845 10007
86.5981 10008
86.6116 10009
86.6252 10010
86.6387 10011
86.6522 10012
86.6658 10013
86.6793 10014
86.6928 10015
86.7064 10016
86.7199 10017
86.7335 10018
86.747 10019
86.7605 10020
86.7741 10021
86.7876 10022
86.8011 10023
86.8147 10024
86.8282 10025
86.8417 10026
86.8553 10027
86.8688 10028
86.8824 10029
86.8959 10030
86.9094 10031
86.923 10032
86.9365 10033
86.95 10034
86.9636 10035
86.9771 10036
86.9907 10037
87.0042 10038
87.0177 10039
87.0313 10040
87.0448 10041
87.0583 10042
87.0719 10043
87.0854 10044
87.099 10045
87.1125 10046
87.126 10047
87.1396 10048
87.1531 10049
87.1666 10050
87.1802 10051
87.1937 10052
87.2073 10053
87.2208 10054
87.2343 10055
87.2479 10056
87.2614 10057
87.2749 10058
87.2885 10059
87.302 10060
87.3156 10061
87.3291 10062
87.3426 10063
87.3562 10064
87.3697 10065
87.3832 10066
87.3968 10067
87.4103 10068
87.4239 10069
87.4374 10070
87.4509 10071
87.4645 10072
87.478 10073
87.4915 10074
87.5051 10075
87.5186 10076
87.5322 10077
87.5457 10078
87.5592 10079
87.5728 10080
87.5863 10081
87.5998 10082
87.6134 10083
87.6269 10084
87.6404 10085
87.654 10086
87.6675 10087
87.6811 10088
87.6946 10089
87.7081 10090
87.7217 10091
87.7352 10091
87.7487 10092
87.7623 10093
87.7758 10093
87.7894 10093
87.8029 10094
87.8164 10095
87.83 10095
87.8435 10095
87.857 10096
87.8706 10096
87.8841 10097
87.8977 10098
87.9112 10099
87.9247 10100
87.9383 10100
87.9518 10100
87.9653 10101
87.9789 10102
87.9924 10102
88.006 10103
88.0195 10103
88.033 10104
88.0466 10104
88.0601 10105
88.0736 10105
88.0872 10106
88.1007 10107
88.1143 10108
88.1278 10109
88.1413 10110
88.1549 10111
88.1684 10112
88.1819 10113
88.1955 10113
88.209 10114
88.2226 10115
88.2361 10116
88.2496 10116
88.2632 10117
88.2767 10118
88.2902 10119
88.3038 10120
88.3173 10121
88.3309 10122
88.3444 10123
88.3579 10124
88.3715 10125
88.385 10126
88.3985 10127
88.4121 10128
88.4256 10128
88.4391 10129
88.4527 10130
88.4662 10131
88.4798 10132
88.4933 10132
88.5068 10133
88.5204 10134
88.5339 10135
88.5474 10135
88.561 10136
88.5745 10137
88.5881 10137
88.6016 10138
88.6151 10138
88.6287 10138
88.6422 10139
88.6557 10139
88.6693 10139
88.6828 10140
88.6964 10140
88.7099 10141
88.7234 10141
88.737 10142
88.7505 10143
88.764 10143
88.7776 10144
88.7911 10144
88.8047 10145
88.8182 10146
88.8317 10147
88.8453 10147
88.8588 10147
88.8723 10148
88.8859 10149
88.8994 10150
88.913 10150
88.9265 10151
88.94 10152
88.9536 10152
88.9671 10153
88.9806 10154
88.9942 10155
89.0077 10155
89.0213 10156
89.0348 10157
89.0483 10157
89.0619 10158
89.0754 10158
89.0889 10159
89.1025 10160
89.116 10161
89.1296 10161
89.1431 10161
89.1566 10162
89.1702 10162
89.1837 10163
89.1972 10163
89.2108 10164
89.2243 10164
89.2379 10165
89.2514 10165
89.2649 10166
89.2785 10166
89.292 10167
89.3055 10167
89.3191 10168
89.3326 10168
89.3461 10169
89.3597 10169
89.3732 10170
89.3868 10170
89.4003 10171
89.4138 10171
89.4274 10172
89.4409 10172
89.4544 10173
89.468 10174
89.4815 10174
89.4951 10175
89.5086 10175
89.5221 10176
89.5357 10176
89.5492 10177
89.5627 10177
89.5763 10178
89.5898 10178
89.6034 10179
89.6169 10180
89.6304 10180
89.644 10181
89.6575 10182
89.671 10184
89.6846 10185
89.6981 10186
89.7117 10186
89.7252 10187
89.7387 10188
89.7523 10189
89.7658 10190
89.7793 10190
89.7929 10191
89.8064 10192
89.82 10192
89.8335 10192
89.847 10193
89.8606 10194
89.8741 10195
89.8876 10196
89.9012 10196
89.9147 10197
89.9283 10198
89.9418 10199
89.9553 10200
89.9689 10200
89.9824 10201
89.9959 10202
90.0095 10202
90.023 10203
90.0366 10203
90.0501 10203
90.0636 10204
90.0772 10205
90.0907 10206
90.1042 10207
90.1178 10208
90.1313 10208
90.1448 10209
90.1584 10210
90.1719 10211
90.1855 10212
90.199 10213
90.2125 10214
90.2261 10215
90.2396 10216
90.2531 10217
90.2667 10218
90.2802 10219
90.2938 10220
90.3073 10221
90.3208 10221
90.3344 10222
90.3479 10222
90.3614 10223
90.375 10224
90.3885 10224
90.4021 10225
90.4156 10225
90.4291 10225
90.4427 10225
90.4562 10225
90.4697 10225
90.4833 10225
90.4968 10225
90.5104 10225
90.5239 10226
90.5374 10227
90.551 10227
90.5645 10228
90.578 10228
90.5916 10229
90.6051 10229
90.6187 10230
90.6322 10230
90.6457 10231
90.6593 10231
90.6728 10232
90.6863 10233
90.6999 10233
90.7134 10234
90.727 10234
90.7405 10235
90.754 10236
90.7676 10237
90.7811 10238
90.7946 10239
90.8082 10239
90.8217 10240
90.8353 10240
90.8488 10241
90.8623 10241
90.8759 10243
90.8894 10243
90.9029 10243
90.9165 10243
90.93 10243
90.9435 10243
90.9571 10243
90.9706 10243
90.9842 10243
90.9977 10243
91.0112 10243
91.0248 10243
91.0383 10243
91.0518 10243
91.0654 10243
91.0789 10243
91.0925 10243
91.106 10243
91.1195 10243
91.1331 10243
91.1466 10243
91.1601 10243
91.1737 10245
91.1872 10245
91.2008 10245
91.2143 10245
91.2278 10245
91.2414 10245
91.2549 10245
91.2684 10245
91.282 10245
91.2955 14537
91.3091 14537
91.3226 14616
91.3361 14616
91.3497 14616
91.3632 14598
91.3767 14737
91.3903 14737
91.4038 14601
91.4174 14602
91.4309 14603
91.4444 14603
91.458 14604
91.4715 14605
91.485 14606
91.4986 14607
91.5121 14608
91.5257 14608
91.5392 14608
91.5527 14608
91.5663 14608
91.5798 14643
91.5933 14647
91.6069 14657
91.6204 14674
91.634 14680
91.6475 14680
91.661 14680
91.6746 14680
91.6881 14662
91.7016 14662
91.7152 14662
91.7287 14662
91.7422 14662
91.7558 14662
91.7693 14662
91.7829 14662
91.7964 14662
91.8099 14670
91.8235 14670
91.837 14670
91.8505 14671
91.8641 14678
91.8776 14679
91.8912 14680
91.9047 14681
91.9182 14682
91.9318 14683
91.9453 14683
91.9588 14684
91.9724 14684
91.9859 14685
91.9995 14686
92.013 14687
92.0265 14688
92.0401 14689
92.0536 14690
92.0671 14691
92.0807 14692
92.0942 14693
92.1078 14693
92.1213 14695
92.1348 14696
92.1484 14697
92.1619 14698
92.1754 14699
92.189 14700
92.2025 14703
92.2161 14704
92.2296 14705
92.2431 14706
92.2567 14711
92.2702 14712
92.2837 14712
92.2973 14712
92.3108 14716
92.3244 14716
92.3379 14718
92.3514 14719
92.365 14722
92.3785 14723
92.392 14724
92.4056 14726
92.4191 14729
92.4327 14729
92.4462 14733
92.4597 14733
92.4733 14759
92.4868 14765
92.5003 14765
92.5139 14768
92.5274 14770
92.541 14774
92.5545 14778
92.568 14780
92.5816 14782
92.5951 14784
92.6086 14784
92.6222 14785
92.6357 14786
92.6492 14786
92.6628 14786
92.6763 14786
92.6899 14786
92.7034 14786
92.7169 14786
92.7305 14786
92.744 14786
92.7575 14786
92.7711 14888
92.7846 14888
92.7982 14892
92.8117 15236
92.8252 15298
92.8388 15312
92.8523 15312
92.8658 15312
92.8794 15312
92.8929 15312
92.9065 15312
92.92 15312
92.9335 15312
92.9471 15312
92.9606 15312
92.9741 15312
92.9877 15312
93.0012 15312
93.0148 15312
93.0283 15314
93.0418 15314
93.0554 15320
93.0689 15390
93.0824 15396
93.096 15414
93.1095 15420
93.1231 15430
93.1366 15436
93.1501 15454
93.1637 15460
93.1772 15478
93.1907 15496
93.2043 15514
93.2178 22335
93.2314 22363
93.2449 22391
93.2584 22419
93.272 22447
93.2855 22475
93.299 22491
93.3126 22519
93.3261 22535
93.3397 22563
93.3532 22579
93.3667 22607
93.3803 22623
93.3938 22651
93.4073 22679
93.4209 22695
93.4344 22711
93.4479 22739
93.4615 22767
93.475 22795
93.4886 22823
93.5021 22851
93.5156 22879
93.5292 22879
93.5427 22879
93.5562 22879
93.5698 22879
93.5833 22879
93.5969 22879
93.6104 22879
93.6239 22879
93.6375 22879
93.651 22879
93.6645 22879
93.6781 22879
93.6916 22879
93.7052 22879
93.7187 22879
93.7322 22879
93.7458 22879
93.7593 22879
93.7728 22879
93.7864 22879
93.7999 22879
93.8135 22879
93.827 22879
93.8405 22879
93.8541 29772
93.8676 29272
93.8811 29272
93.8947 29272
93.9082 29272
93.9218 29272
93.9353 29272
93.9488 29273
93.9624 29274
93.9759 29275
93.9894 29276
94.003 29276
94.0165 29277
94.0301 29278
94.0436 29279
94.0571 29278
94.0707 29279
94.0842 29280
94.0977 29281
94.1113 29282
94.1248 29283
94.1384 29284
94.1519 29285
94.1654 29286
94.179 29287
94.1925 29288
94.206 29289
94.2196 29290
94.2331 29291
94.2466 29292
94.2602 29293
94.2737 29294
94.2873 29295
94.3008 29296
94.3143 29296
94.3279 29297
94.3414 29298
94.3549 29299
94.3685 29299
94.382 29300
94.3956 29300
94.4091 29300
94.4226 29301
94.4362 29302
94.4497 29302
94.4632 29303
94.4768 29304
94.4903 29305
94.5039 29306
94.5174 29307
94.5309 29308
94.5445 33865
94.558 33969
94.5715 33969
94.5851 33970
94.5986 33971
94.6122 33972
94.6257 33973
94.6392 33974
94.6528 33975
94.6663 33976
94.6798 33977
94.6934 33978
94.7069 33979
94.7205 33980
94.734 33981
94.7475 33982
94.7611 33983
94.7746 33984
94.7881 33985
94.8017 34037
94.8152 34499
94.8288 34499
94.8423 34500
94.8558 34500
94.8694 34500
94.8829 34500
94.8964 34501
94.91 34501
94.9235 34502
94.9371 34498
94.9506 50231
94.9641 73757
94.9777 77181
94.9912 77181
95.0047 77182
95.0183 77428
95.0318 77430
95.0453 77431
95.0589 77446
95.0724 77449
95.086 77451
95.0995 78516
95.113 79515
95.1266 79518
95.1401 79519
95.1536 79523
95.1672 79525
95.1807 79527
95.1943 80623
95.2078 80631
95.2213 80634
95.2349 79643
95.2484 81332
95.2619 83984
95.2755 83986
95.289 85616
95.3026 85638
95.3161 85638
95.3296 85638
95.3432 85638
95.3567 85638
95.3702 85638
95.3838 85642
95.3973 85646
95.4109 85650
95.4244 85750
95.4379 85750
95.4515 85750
95.465 85750
95.4785 85750
95.4921 78592
95.5056 78592
95.5192 78592
95.5327 78592
95.5462 78592
95.5598 138204
95.5733 138212
95.5868 138212
95.6004 138212
95.6139 138212
95.6275 138220
95.641 138220
95.6545 138220
95.6681 138220
95.6816 138228
95.6951 138228
95.7087 138228
95.7222 138232
95.7358 138232
95.7493 138232
95.7628 138232
95.7764 138232
95.7899 138232
95.8034 138232
95.817 138232
95.8305 138232
95.8441 265972
95.8576 265988
95.8711 265988
95.8847 265988
95.8982 266004
95.9117 266004
95.9253 266004
95.9388 266020
95.9523 266020
95.9659 266032
95.9794 266048
95.993 266048
96.0065 266048
96.02 266048
96.0336 266048
96.0471 266048
96.0606 323214
96.0742 323214
96.0877 323214
96.1013 323214
96.1148 323220
96.1283 323220
96.1419 323220
96.1554 323220
96.1689 323240
96.1825 323240
96.196 323240
96.2096 323240
96.2231 323240
96.2366 323240
96.2502 323240
96.2637 323252
96.2772 327484
96.2908 327484
96.3043 327484
96.3179 327484
96.3314 327484
96.3449 327484
96.3585 327484
96.372 327484
96.3855 327484
96.3991 327484
96.4126 327496
96.4262 327496
96.4397 327516
96.4532 327528
96.4668 327528
96.4803 392539
96.4938 392569
96.5074 392569
96.5209 392569
96.5345 392569
96.548 392569
96.5615 392569
96.5751 392569
96.5886 392599
96.6021 392599
96.6157 392599
96.6292 392599
96.6428 392599
96.6563 392599
96.6698 392599
96.6834 392599
96.6969 392599
96.7104 95607
96.724 95607
96.7375 95613
96.751 95613
96.7646 95613
96.7781 95619
96.7917 95619
96.8052 95349
96.8187 95349
96.8323 95349
96.8458 95353
96.8593 95353
96.8729 95353
96.8864 95353
96.9 95353
96.9135 95353
96.927 95353
96.9406 95359
96.9541 95359
96.9676 95359
96.9812 95365
96.9947 95365
97.0083 95371
97.0218 95371
97.0353 95371
97.0489 95377
97.0624 95377
97.0759 95377
97.0895 95383
97.103 95383
97.1166 95385
97.1301 95385
97.1436 95385
97.1572 95385
97.1707 95385
97.1842 95385
97.1978 95387
97.2113 95387
97.2249 95389
97.2384 95389
97.2519 95389
97.2655 95389
97.279 95391
97.2925 95393
97.3061 95393
97.3196 95393
97.3332 36802
97.3467 36804
97.3602 36806
97.3738 36806
97.3873 36808
97.4008 36808
97.4144 36808
97.4279 36810
97.4415 36810
97.455 36810
97.4685 36810
97.4821 50560
97.4956 50560
97.5091 50560
97.5227 50561
97.5362 50561
97.5497 50572
97.5633 50572
97.5768 50572
97.5904 50572
97.6039 50572
97.6174 50573
97.631 50574
97.6445 50575
97.658 50576
97.6716 50576
97.6851 50577
97.6987 50578
97.7122 50579
97.7257 50580
97.7393 50580
97.7528 50580
97.7663 50580
97.7799 50581
97.7934 50581
97.807 50581
97.8205 50582
97.834 50583
97.8476 50584
97.8611 50585
97.8746 50585
97.8882 50586
97.9017 50587
97.9153 50587
97.9288 50587
97.9423 50587
97.9559 50587
97.9694 50587
97.9829 50587
97.9965 50587
98.01 50587
98.0236 50587
98.0371 50587
98.0506 50587
98.0642 50587
98.0777 50587
98.0912 50587
98.1048 50587
98.1183 50587
98.1319 50589
98.1454 50589
98.1589 50589
98.1725 50589
98.186 50590
98.1995 50590
98.2131 50590
98.2266 50590
98.2402 50590
98.2537 50590
98.2672 50590
98.2808 50590
98.2943 50591
98.3078 50591
98.3214 50591
98.3349 50592
98.3484 50592
98.362 50592
98.3755 50593
98.3891 50593
98.4026 50594
98.4161 50595
98.4297 50600
98.4432 50600
98.4567 50605
98.4703 50606
98.4838 50611
98.4974 50612
98.5109 50613
98.5244 50613
98.538 50618
98.5515 50619
98.565 50620
98.5786 50620
98.5921 50620
98.6057 76559
98.6192 119054
98.6327 119054
98.6463 108452
98.6598 108453
98.6733 6462
98.6869 6462
98.7004 6462
98.714 6462
98.7275 6462
98.741 6461
98.7546 6462
98.7681 6458
98.7816 6458
98.7952 6458
98.8087 6458
98.8223 6458
98.8358 6458
98.8493 6459
98.8629 6460
98.8764 6461
98.8899 6462
98.9035 6462
98.917 6462
98.9306 6463
98.9441 6463
98.9576 6463
98.9712 6463
98.9847 6463
98.9982 6464
99.0118 6464
99.0253 6464
99.0389 6464
99.0524 6464
99.0659 6464
99.0795 6464
99.093 6465
99.1065 6465
99.1201 6465
99.1336 6465
99.1472 6466
99.1607 6466
99.1742 6466
99.1878 6466
99.2013 6467
99.2148 6464
99.2284 6464
99.2419 6464
99.2554 6464
99.269 6465
99.2825 6466
99.2961 6467
99.3096 6467
99.3231 6467
99.3367 6467
99.3502 6467
99.3637 6467
99.3773 6467
99.3908 6467
99.4044 6468
99.4179 6469
99.4314 6470
99.445 6470
99.4585 6470
99.472 6470
99.4856 6471
99.4991 6471
99.5127 6472
99.5262 6473
99.5397 6474
99.5533 6475
99.5668 6475
99.5803 6476
99.5939 6476
99.6074 6476
99.621 6476
99.6345 6477
99.648 6478
99.6616 6479
99.6751 6480
99.6886 6480
99.7022 6481
99.7157 6482
99.7293 6483
99.7428 6484
99.7563 6485
99.7699 6486
99.7834 6487
99.7969 6488
99.8105 6488
99.824 6488
99.8376 6488
99.8511 6489
99.8646 6490
99.8782 6491
99.8917 6492
99.9052 6492
99.9188 6492
99.9323 6493
99.9459 6494
99.9594 6495
99.9729 6495
99.9865 6495
100 6495
