0.13089 2
0.26178 2
0.39267 3
0.52356 4
0.65445 5
0.78534 6
0.91623 7
1.04712 8
1.17801 9
1.3089 10
1.43979 11
1.57068 12
1.70157 13
1.83246 14
1.96335 15
2.09424 16
2.22513 17
2.35602 18
2.48691 19
2.6178 20
2.74869 20
2.87958 21
3.01047 21
3.14136 22
3.27225 23
3.40314 24
3.53403 25
3.66492 26
3.79581 27
3.9267 28
4.05759 29
4.18848 30
4.31937 31
4.45026 32
4.58115 33
4.71204 34
4.84293 35
4.97382 35
5.10471 36
5.2356 37
5.36649 38
5.49738 39
5.62827 40
5.75916 41
5.89005 42
6.02094 43
6.15183 44
6.28272 45
6.41361 46
6.5445 47
6.67539 48
6.80628 49
6.93717 50
7.06806 51
7.19895 52
7.32984 53
7.46073 54
7.59162 55
7.72251 56
7.8534 57
7.98429 58
8.11518 59
8.24607 60
8.37696 61
8.50785 62
8.63874 63
8.76963 64
8.90052 65
9.03141 66
9.1623 67
9.29319 68
9.42408 69
9.55497 70
9.68586 71
9.81675 72
9.94764 73
10.0785 74
10.2094 75
10.3403 76
10.4712 77
10.6021 78
10.733 78
10.8639 79
10.9948 80
11.1257 80
11.2565 81
11.3874 82
11.5183 83
11.6492 84
11.7801 85
11.911 86
12.0419 87
12.1728 88
12.3037 89
12.4346 90
12.5654 91
12.6963 92
12.8272 93
12.9581 94
13.089 95
13.2199 96
13.3508 97
13.4817 98
13.6126 99
13.7435 100
13.8743 101
14.0052 102
14.1361 103
14.267 104
14.3979 105
14.5288 106
14.6597 107
14.7906 108
14.9215 109
15.0524 110
15.1832 111
15.3141 112
15.445 113
15.5759 114
15.7068 115
15.8377 116
15.9686 117
16.0995 118
16.2304 119
16.3613 120
16.4921 121
16.623 122
16.7539 123
16.8848 124
17.0157 125
17.1466 126
17.2775 127
17.4084 128
17.5393 129
17.6702 130
17.801 131
17.9319 132
18.0628 133
18.1937 134
18.3246 135
18.4555 136
18.5864 137
18.7173 138
18.8482 139
18.9791 140
19.1099 141
19.2408 142
19.3717 143
19.5026 144
19.6335 145
19.7644 146
19.8953 147
20.0262 148
20.1571 149
20.288 150
20.4188 151
20.5497 152
20.6806 153
20.8115 154
20.9424 155
21.0733 156
21.2042 157
21.3351 158
21.466 159
21.5969 160
21.7277 161
21.8586 162
21.9895 163
22.1204 164
22.2513 165
22.3822 166
22.5131 167
22.644 168
22.7749 169
22.9058 170
23.0366 171
23.1675 172
23.2984 173
23.4293 174
23.5602 175
23.6911 176
23.822 177
23.9529 178
24.0838 179
24.2147 180
24.3455 181
24.4764 182
24.6073 183
24.7382 184
24.8691 185
25 186
25.1309 187
25.2618 188
25.3927 189
25.5236 190
25.6545 191
25.7853 192
25.9162 193
26.0471 194
26.178 195
26.3089 196
26.4398 197
26.5707 198
26.7016 199
26.8325 200
26.9634 201
27.0942 202
27.2251 203
27.356 204
27.4869 205
27.6178 206
27.7487 207
27.8796 208
28.0105 209
28.1414 210
28.2723 211
28.4031 212
28.534 213
28.6649 214
28.7958 215
28.9267 216
29.0576 217
29.1885 218
29.3194 219
29.4503 220
29.5812 221
29.712 222
29.8429 223
29.9738 224
30.1047 225
30.2356 226
30.3665 227
30.4974 228
30.6283 229
30.7592 230
30.8901 231
31.0209 232
31.1518 233
31.2827 234
31.4136 235
31.5445 236
31.6754 237
31.8063 238
31.9372 239
32.0681 239
32.199 240
32.3298 241
32.4607 242
32.5916 243
32.7225 244
32.8534 245
32.9843 246
33.1152 247
33.2461 248
33.377 248
33.5079 249
33.6387 249
33.7696 250
33.9005 250
34.0314 251
34.1623 252
34.2932 253
34.4241 254
34.555 255
34.6859 256
34.8168 257
34.9476 258
35.0785 259
35.2094 260
35.3403 261
35.4712 262
35.6021 263
35.733 264
35.8639 265
35.9948 266
36.1257 267
36.2565 267
36.3874 268
36.5183 269
36.6492 270
36.7801 271
36.911 272
37.0419 273
37.1728 274
37.3037 275
37.4346 276
37.5654 277
37.6963 278
37.8272 279
37.9581 280
38.089 281
38.2199 282
38.3508 283
38.4817 284
38.6126 285
38.7435 286
38.8743 287
39.0052 288
39.1361 289
39.267 290
39.3979 291
39.5288 292
39.6597 293
39.7906 294
39.9215 295
40.0524 296
40.1832 297
40.3141 297
40.445 298
40.5759 298
40.7068 299
40.8377 300
40.9686 301
41.0995 302
41.2304 303
41.3613 304
41.4921 305
41.623 306
41.7539 307
41.8848 308
42.0157 309
42.1466 310
42.2775 311
42.4084 312
42.5393 313
42.6702 314
42.801 315
42.9319 316
43.0628 317
43.1937 318
43.3246 319
43.4555 320
43.5864 321
43.7173 322
43.8482 323
43.9791 324
44.1099 325
44.2408 326
44.3717 327
44.5026 328
44.6335 329
44.7644 330
44.8953 331
45.0262 332
45.1571 333
45.288 334
45.4188 335
45.5497 336
45.6806 337
45.8115 338
45.9424 339
46.0733 340
46.2042 341
46.3351 342
46.466 343
46.5969 344
46.7277 345
46.8586 346
46.9895 347
47.1204 348
47.2513 349
47.3822 350
47.5131 351
47.644 352
47.7749 353
47.9058 354
48.0366 355
48.1675 356
48.2984 357
48.4293 358
48.5602 359
48.6911 360
48.822 361
48.9529 362
49.0838 363
49.2147 364
49.3455 365
49.4764 366
49.6073 367
49.7382 368
49.8691 369
50 370
50.1309 371
50.2618 372
50.3927 373
50.5236 374
50.6545 375
50.7853 375
50.9162 376
51.0471 376
51.178 377
51.3089 378
51.4398 379
51.5707 380
51.7016 381
51.8325 382
51.9634 383
52.0942 384
52.2251 385
52.356 386
52.4869 387
52.6178 388
52.7487 389
52.8796 390
53.0105 391
53.1414 392
53.2723 393
53.4031 394
53.534 395
53.6649 396
53.7958 397
53.9267 398
54.0576 399
54.1885 400
54.3194 401
54.4503 402
54.5812 403
54.712 404
54.8429 405
54.9738 406
55.1047 407
55.2356 408
55.3665 409
55.4974 410
55.6283 411
55.7592 412
55.8901 413
56.0209 414
56.1518 415
56.2827 416
56.4136 417
56.5445 418
56.6754 419
56.8063 420
56.9372 421
57.0681 422
57.199 423
57.3298 424
57.4607 425
57.5916 426
57.7225 427
57.8534 428
57.9843 429
58.1152 430
58.2461 431
58.377 432
58.5079 433
58.6387 434
58.7696 435
58.9005 436
59.0314 437
59.1623 438
59.2932 439
59.4241 440
59.555 441
59.6859 442
59.8168 443
59.9476 444
60.0785 445
60.2094 446
60.3403 447
60.4712 448
60.6021 449
60.733 450
60.8639 451
60.9948 452
61.1257 453
61.2565 454
61.3874 455
61.5183 456
61.6492 457
61.7801 458
61.911 459
62.0419 460
62.1728 461
62.3037 462
62.4346 463
62.5654 464
62.6963 465
62.8272 466
62.9581 467
63.089 468
63.2199 469
63.3508 470
63.4817 471
63.6126 472
63.7435 473
63.8743 473
64.0052 474
64.1361 475
64.267 476
64.3979 477
64.5288 478
64.6597 479
64.7906 480
64.9215 481
65.0524 482
65.1832 483
65.3141 484
65.445 485
65.5759 486
65.7068 487
65.8377 488
65.9686 489
66.0995 490
66.2304 491
66.3613 492
66.4921 493
66.623 494
66.7539 495
66.8848 496
67.0157 497
67.1466 498
67.2775 499
67.4084 500
67.5393 501
67.6702 502
67.801 503
67.9319 504
68.0628 505
68.1937 506
68.3246 507
68.4555 508
68.5864 509
68.7173 510
68.8482 511
68.9791 512
69.1099 513
69.2408 514
69.3717 515
69.5026 516
69.6335 517
69.7644 518
69.8953 519
70.0262 520
70.1571 521
70.288 522
70.4188 523
70.5497 524
70.6806 525
70.8115 526
70.9424 527
71.0733 528
71.2042 529
71.3351 530
71.466 531
71.5969 532
71.7277 533
71.8586 534
71.9895 535
72.1204 536
72.2513 537
72.3822 538
72.5131 539
72.644 540
72.7749 541
72.9058 542
73.0366 543
73.1675 544
73.2984 545
73.4293 546
73.5602 547
73.6911 548
73.822 549
73.9529 550
74.0838 551
74.2147 552
74.3455 553
74.4764 554
74.6073 555
74.7382 556
74.8691 557
75 558
75.1309 559
75.2618 560
75.3927 561
75.5236 562
75.6545 563
75.7853 564
75.9162 565
76.0471 566
76.178 567
76.3089 568
76.4398 569
76.5707 570
76.7016 571
76.8325 572
76.9634 573
77.0942 574
77.2251 575
77.356 576
77.4869 577
77.6178 578
77.7487 579
77.8796 580
78.0105 581
78.1414 582
78.2723 583
78.4031 584
78.534 585
78.6649 586
78.7958 587
78.9267 588
79.0576 589
79.1885 590
79.3194 591
79.4503 592
79.5812 593
79.712 594
79.8429 595
79.9738 596
80.1047 597
80.2356 598
80.3665 599
80.4974 600
80.6283 601
80.7592 602
80.8901 603
81.0209 604
81.1518 605
81.2827 606
81.4136 607
81.5445 608
81.6754 609
81.8063 610
81.9372 611
82.0681 612
82.199 613
82.3298 614
82.4607 615
82.5916 615
82.7225 616
82.8534 616
82.9843 617
83.1152 617
83.2461 618
83.377 618
83.5079 619
83.6387 619
83.7696 620
83.9005 620
84.0314 621
84.1623 621
84.2932 622
84.4241 622
84.555 623
84.6859 623
84.8168 624
84.9476 624
85.0785 625
85.2094 625
85.3403 626
85.4712 626
85.6021 627
85.733 628
85.8639 629
85.9948 630
86.1257 631
86.2565 632
86.3874 632
86.5183 633
86.6492 634
86.7801 635
86.911 636
87.0419 637
87.1728 638
87.3037 639
87.4346 640
87.5654 641
87.6963 642
87.8272 643
87.9581 644
88.089 645
88.2199 646
88.3508 647
88.4817 648
88.6126 649
88.7435 650
88.8743 651
89.0052 652
89.1361 653
89.267 654
89.3979 655
89.5288 656
89.6597 657
89.7906 658
89.9215 659
90.0524 660
90.1832 661
90.3141 662
90.445 663
90.5759 664
90.7068 665
90.8377 666
90.9686 667
91.0995 668
91.2304 669
91.3613 670
91.4921 671
91.623 672
91.7539 673
91.8848 674
92.0157 675
92.1466 676
92.2775 677
92.4084 678
92.5393 679
92.6702 680
92.801 681
92.9319 682
93.0628 683
93.1937 684
93.3246 685
93.4555 686
93.5864 687
93.7173 688
93.8482 689
93.9791 690
94.1099 691
94.2408 692
94.3717 693
94.5026 694
94.6335 695
94.7644 696
94.8953 697
95.0262 698
95.1571 699
95.288 700
95.4188 701
95.5497 702
95.6806 703
95.8115 704
95.9424 705
96.0733 706
96.2042 707
96.3351 708
96.466 709
96.5969 710
96.7277 711
96.8586 712
96.9895 713
97.1204 714
97.2513 715
97.3822 716
97.5131 717
97.644 718
97.7749 719
97.9058 720
98.0366 721
98.1675 722
98.2984 723
98.4293 724
98.5602 725
98.6911 726
98.822 727
98.9529 728
99.0838 729
99.2147 730
99.3455 731
99.4764 732
99.6073 733
99.7382 734
99.8691 735
