0.131234 2
0.262467 2
0.393701 3
0.524934 4
0.656168 5
0.787402 6
0.918635 7
1.04987 8
1.1811 9
1.31234 10
1.44357 11
1.5748 12
1.70604 13
1.83727 14
1.9685 15
2.09974 16
2.23097 17
2.3622 18
2.49344 19
2.62467 20
2.75591 21
2.88714 22
3.01837 23
3.14961 24
3.28084 25
3.41207 26
3.54331 27
3.67454 28
3.80577 29
3.93701 30
4.06824 31
4.19948 32
4.33071 33
4.46194 34
4.59318 35
4.72441 35
4.85564 36
4.98688 37
5.11811 38
5.24934 39
5.38058 40
5.51181 41
5.64304 42
5.77428 43
5.90551 44
6.03675 45
6.16798 46
6.29921 47
6.43045 48
6.56168 49
6.69291 50
6.82415 51
6.95538 52
7.08661 53
7.21785 54
7.34908 55
7.48031 56
7.61155 57
7.74278 58
7.87402 59
8.00525 60
8.13648 61
8.26772 62
8.39895 63
8.53018 64
8.66142 65
8.79265 66
8.92388 67
9.05512 68
9.18635 69
9.31759 70
9.44882 71
9.58005 72
9.71129 73
9.84252 74
9.97375 75
10.105 76
10.2362 77
10.3675 78
10.4987 78
10.6299 79
10.7612 80
10.8924 80
11.0236 81
11.1549 82
11.2861 83
11.4173 84
11.5486 85
11.6798 86
11.811 87
11.9423 88
12.0735 89
12.2047 90
12.336 91
12.4672 92
12.5984 93
12.7297 94
12.8609 95
12.9921 96
13.1234 97
13.2546 98
13.3858 99
13.5171 100
13.6483 101
13.7795 102
13.9108 103
14.042 104
14.1732 105
14.3045 106
14.4357 107
14.5669 108
14.6982 109
14.8294 110
14.9606 111
15.0919 112
15.2231 113
15.3543 114
15.4856 115
15.6168 116
15.748 117
15.8793 118
16.0105 119
16.1417 120
16.273 121
16.4042 122
16.5354 123
16.6667 124
16.7979 125
16.9291 126
17.0604 127
17.1916 128
17.3228 129
17.4541 130
17.5853 131
17.7165 132
17.8478 133
17.979 134
18.1102 135
18.2415 136
18.3727 137
18.5039 138
18.6352 139
18.7664 140
18.8976 141
19.0289 142
19.1601 143
19.2913 144
19.4226 145
19.5538 146
19.685 147
19.8163 148
19.9475 149
20.0787 150
20.21 151
20.3412 152
20.4724 153
20.6037 154
20.7349 155
20.8661 156
20.9974 157
21.1286 158
21.2598 159
21.3911 160
21.5223 161
21.6535 162
21.7848 163
21.916 164
22.0472 165
22.1785 166
22.3097 167
22.4409 168
22.5722 169
22.7034 170
22.8346 171
22.9659 172
23.0971 173
23.2283 174
23.3596 175
23.4908 176
23.622 177
23.7533 178
23.8845 179
24.0157 180
24.147 181
24.2782 182
24.4094 183
24.5407 184
24.6719 185
24.8031 186
24.9344 187
25.0656 188
25.1969 189
25.3281 190
25.4593 191
25.5906 192
25.7218 193
25.853 194
25.9843 195
26.1155 196
26.2467 197
26.378 198
26.5092 199
26.6404 200
26.7717 201
26.9029 202
27.0341 203
27.1654 204
27.2966 205
27.4278 206
27.5591 207
27.6903 208
27.8215 209
27.9528 210
28.084 211
28.2152 212
28.3465 213
28.4777 214
28.6089 215
28.7402 216
28.8714 217
29.0026 218
29.1339 219
29.2651 220
29.3963 221
29.5276 222
29.6588 223
29.79 224
29.9213 225
30.0525 226
30.1837 227
30.315 228
30.4462 229
30.5774 230
30.7087 231
30.8399 232
30.9711 233
31.1024 234
31.2336 235
31.3648 236
31.4961 237
31.6273 238
31.7585 239
31.8898 239
32.021 240
32.1522 241
32.2835 242
32.4147 243
32.5459 244
32.6772 245
32.8084 246
32.9396 247
33.0709 248
33.2021 248
33.3333 249
33.4646 249
33.5958 250
33.727 250
33.8583 251
33.9895 252
34.1207 253
34.252 254
34.3832 255
34.5144 256
34.6457 257
34.7769 258
34.9081 259
35.0394 260
35.1706 261
35.3018 262
35.4331 263
35.5643 264
35.6955 265
35.8268 266
35.958 267
36.0892 267
36.2205 268
36.3517 269
36.4829 270
36.6142 271
36.7454 272
36.8766 273
37.0079 274
37.1391 275
37.2703 276
37.4016 277
37.5328 278
37.664 279
37.7953 280
37.9265 281
38.0577 282
38.189 283
38.3202 284
38.4514 285
38.5827 286
38.7139 287
38.8451 288
38.9764 289
39.1076 290
39.2388 291
39.3701 292
39.5013 293
39.6325 294
39.7638 295
39.895 296
40.0262 297
40.1575 297
40.2887 298
40.4199 298
40.5512 299
40.6824 300
40.8136 301
40.9449 302
41.0761 303
41.2073 304
41.3386 305
41.4698 306
41.601 307
41.7323 308
41.8635 309
41.9948 310
42.126 311
42.2572 312
42.3885 313
42.5197 314
42.6509 315
42.7822 316
42.9134 317
43.0446 318
43.1759 319
43.3071 320
43.4383 321
43.5696 322
43.7008 323
43.832 324
43.9633 325
44.0945 326
44.2257 327
44.357 328
44.4882 329
44.6194 330
44.7507 331
44.8819 332
45.0131 333
45.1444 334
45.2756 335
45.4068 336
45.5381 337
45.6693 338
45.8005 339
45.9318 340
46.063 341
46.1942 342
46.3255 343
46.4567 344
46.5879 345
46.7192 346
46.8504 347
46.9816 348
47.1129 349
47.2441 350
47.3753 351
47.5066 352
47.6378 353
47.769 354
47.9003 355
48.0315 356
48.1627 357
48.294 358
48.4252 359
48.5564 360
48.6877 361
48.8189 362
48.9501 363
49.0814 364
49.2126 365
49.3438 366
49.4751 367
49.6063 368
49.7375 369
49.8688 370
50 371
50.1312 372
50.2625 373
50.3937 374
50.5249 375
50.6562 376
50.7874 377
50.9186 378
51.0499 379
51.1811 380
51.3123 381
51.4436 382
51.5748 383
51.706 384
51.8373 385
51.9685 386
52.0997 387
52.231 388
52.3622 389
52.4934 390
52.6247 391
52.7559 392
52.8871 393
53.0184 394
53.1496 395
53.2808 396
53.4121 397
53.5433 398
53.6745 399
53.8058 400
53.937 401
54.0682 402
54.1995 403
54.3307 404
54.4619 405
54.5932 406
54.7244 407
54.8556 408
54.9869 409
55.1181 410
55.2493 411
55.3806 412
55.5118 413
55.643 414
55.7743 415
55.9055 416
56.0367 417
56.168 418
56.2992 419
56.4304 420
56.5617 421
56.6929 422
56.8241 423
56.9554 424
57.0866 425
57.2178 426
57.3491 427
57.4803 428
57.6115 429
57.7428 430
57.874 431
58.0052 432
58.1365 433
58.2677 434
58.399 435
58.5302 436
58.6614 437
58.7927 438
58.9239 439
59.0551 440
59.1864 441
59.3176 442
59.4488 443
59.5801 444
59.7113 445
59.8425 446
59.9738 447
60.105 448
60.2362 449
60.3675 450
60.4987 451
60.6299 452
60.7612 453
60.8924 454
61.0236 455
61.1549 456
61.2861 457
61.4173 458
61.5486 459
61.6798 460
61.811 461
61.9423 462
62.0735 463
62.2047 464
62.336 465
62.4672 466
62.5984 467
62.7297 468
62.8609 469
62.9921 470
63.1234 471
63.2546 472
63.3858 473
63.5171 473
63.6483 474
63.7795 475
63.9108 476
64.042 477
64.1732 478
64.3045 479
64.4357 480
64.5669 481
64.6982 482
64.8294 483
64.9606 484
65.0919 485
65.2231 486
65.3543 487
65.4856 488
65.6168 489
65.748 490
65.8793 491
66.0105 492
66.1417 493
66.273 494
66.4042 495
66.5354 496
66.6667 497
66.7979 498
66.9291 499
67.0604 500
67.1916 501
67.3228 502
67.4541 503
67.5853 504
67.7165 505
67.8478 506
67.979 507
68.1102 508
68.2415 509
68.3727 510
68.5039 511
68.6352 512
68.7664 513
68.8976 514
69.0289 515
69.1601 516
69.2913 517
69.4226 518
69.5538 519
69.685 520
69.8163 521
69.9475 522
70.0787 523
70.21 524
70.3412 525
70.4724 526
70.6037 527
70.7349 528
70.8661 529
70.9974 530
71.1286 531
71.2598 532
71.3911 533
71.5223 534
71.6535 535
71.7848 536
71.916 537
72.0472 538
72.1785 539
72.3097 540
72.4409 541
72.5722 542
72.7034 543
72.8346 544
72.9659 545
73.0971 546
73.2283 547
73.3596 548
73.4908 549
73.622 550
73.7533 551
73.8845 552
74.0157 553
74.147 554
74.2782 555
74.4094 556
74.5407 557
74.6719 558
74.8031 559
74.9344 560
75.0656 561
75.1969 562
75.3281 563
75.4593 563
75.5906 564
75.7218 565
75.853 566
75.9843 567
76.1155 568
76.2467 569
76.378 570
76.5092 571
76.6404 572
76.7717 573
76.9029 574
77.0341 575
77.1654 576
77.2966 577
77.4278 578
77.5591 579
77.6903 580
77.8215 581
77.9528 582
78.084 583
78.2152 584
78.3465 585
78.4777 586
78.6089 587
78.7402 588
78.8714 589
79.0026 590
79.1339 591
79.2651 592
79.3963 593
79.5276 594
79.6588 595
79.79 596
79.9213 597
80.0525 598
80.1837 599
80.315 600
80.4462 601
80.5774 602
80.7087 603
80.8399 604
80.9711 605
81.1024 606
81.2336 607
81.3648 608
81.4961 609
81.6273 610
81.7585 611
81.8898 612
82.021 613
82.1522 614
82.2835 615
82.4147 615
82.5459 616
82.6772 616
82.8084 617
82.9396 617
83.0709 618
83.2021 618
83.3333 619
83.4646 619
83.5958 620
83.727 620
83.8583 621
83.9895 621
84.1207 622
84.252 622
84.3832 623
84.5144 623
84.6457 624
84.7769 624
84.9081 625
85.0394 625
85.1706 626
85.3018 626
85.4331 627
85.5643 628
85.6955 629
85.8268 630
85.958 631
86.0892 632
86.2205 632
86.3517 633
86.4829 634
86.6142 634
86.7454 635
86.8766 636
87.0079 637
87.1391 638
87.2703 639
87.4016 640
87.5328 641
87.664 642
87.7953 643
87.9265 644
88.0577 645
88.189 646
88.3202 647
88.4514 648
88.5827 649
88.7139 650
88.8451 651
88.9764 652
89.1076 653
89.2388 654
89.3701 655
89.5013 656
89.6325 657
89.7638 658
89.895 659
90.0262 660
90.1575 661
90.2887 662
90.4199 663
90.5512 664
90.6824 665
90.8136 666
90.9449 667
91.0761 668
91.2073 669
91.3386 670
91.4698 671
91.601 672
91.7323 673
91.8635 674
91.9948 675
92.126 676
92.2572 677
92.3885 678
92.5197 679
92.6509 680
92.7822 681
92.9134 682
93.0446 683
93.1759 684
93.3071 685
93.4383 686
93.5696 687
93.7008 688
93.832 689
93.9633 690
94.0945 691
94.2257 692
94.357 693
94.4882 694
94.6194 695
94.7507 696
94.8819 697
95.0131 698
95.1444 699
95.2756 700
95.4068 701
95.5381 702
