0.131062 2
0.262123 2
0.393185 3
0.524246 4
0.655308 5
0.78637 6
0.917431 7
1.04849 8
1.17955 9
1.31062 10
1.44168 11
1.57274 12
1.7038 13
1.83486 14
1.96592 15
2.09699 16
2.22805 17
2.35911 18
2.49017 19
2.62123 20
2.75229 21
2.88336 22
3.01442 23
3.14548 24
3.27654 25
3.4076 26
3.53866 27
3.66972 28
3.80079 29
3.93185 30
4.06291 31
4.19397 32
4.32503 33
4.45609 34
4.58716 35
4.71822 36
4.84928 37
4.98034 38
5.1114 39
5.24246 40
5.37353 41
5.50459 42
5.63565 43
5.76671 44
5.89777 45
6.02883 46
6.1599 47
6.29096 48
6.42202 49
6.55308 50
6.68414 51
6.8152 52
6.94626 53
7.07733 54
7.20839 55
7.33945 56
7.47051 57
7.60157 58
7.73263 59
7.8637 60
7.99476 61
8.12582 62
8.25688 63
8.38794 64
8.519 65
8.65007 66
8.78113 67
8.91219 68
9.04325 69
9.17431 70
9.30537 71
9.43644 72
9.5675 73
9.69856 74
9.82962 75
9.96068 76
10.0917 77
10.2228 78
10.3539 79
10.4849 80
10.616 81
10.7471 82
10.8781 83
11.0092 84
11.1402 85
11.2713 86
11.4024 87
11.5334 88
11.6645 89
11.7955 90
11.9266 91
12.0577 92
12.1887 93
12.3198 94
12.4509 95
12.5819 96
12.713 97
12.844 98
12.9751 99
13.1062 100
13.2372 101
13.3683 102
13.4993 103
13.6304 104
13.7615 105
13.8925 106
14.0236 107
14.1547 108
14.2857 109
14.4168 110
14.5478 111
14.6789 112
14.81 113
14.941 114
15.0721 115
15.2031 116
15.3342 117
15.4653 118
15.5963 119
15.7274 120
15.8585 121
15.9895 122
16.1206 123
16.2516 124
16.3827 125
16.5138 126
16.6448 127
16.7759 128
16.9069 129
17.038 130
17.1691 131
17.3001 132
17.4312 133
17.5623 134
17.6933 135
17.8244 136
17.9554 137
18.0865 138
18.2176 139
18.3486 140
18.4797 141
18.6107 142
18.7418 143
18.8729 144
19.0039 145
19.135 146
19.2661 147
19.3971 148
19.5282 149
19.6592 150
19.7903 151
19.9214 152
20.0524 153
20.1835 154
20.3145 155
20.4456 156
20.5767 157
20.7077 158
20.8388 159
20.9699 160
21.1009 161
21.232 162
21.363 163
21.4941 164
21.6252 165
21.7562 166
21.8873 167
22.0183 168
22.1494 169
22.2805 170
22.4115 171
22.5426 172
22.6737 173
22.8047 174
22.9358 175
23.0668 176
23.1979 177
23.329 178
23.46 179
23.5911 180
23.7221 181
23.8532 182
23.9843 183
24.1153 184
24.2464 185
24.3775 186
24.5085 187
24.6396 188
24.7706 189
24.9017 190
25.0328 191
25.1638 192
25.2949 193
25.426 194
25.557 195
25.6881 196
25.8191 197
25.9502 198
26.0813 199
26.2123 200
26.3434 201
26.4744 202
26.6055 203
26.7366 204
26.8676 205
26.9987 206
27.1298 207
27.2608 208
27.3919 209
27.5229 210
27.654 211
27.7851 212
27.9161 213
28.0472 214
28.1782 215
28.3093 216
28.4404 217
28.5714 218
28.7025 219
28.8336 220
28.9646 221
29.0957 222
29.2267 223
29.3578 224
29.4889 225
29.6199 226
29.751 227
29.882 228
30.0131 229
30.1442 230
30.2752 231
30.4063 232
30.5374 233
30.6684 234
30.7995 235
30.9305 236
31.0616 237
31.1927 238
31.3237 239
31.4548 239
31.5858 240
31.7169 241
31.848 242
31.979 243
32.1101 244
32.2412 245
32.3722 246
32.5033 247
32.6343 248
32.7654 248
32.8965 249
33.0275 249
33.1586 250
33.2896 250
33.4207 251
33.5518 252
33.6828 253
33.8139 254
33.945 255
34.076 256
34.2071 257
34.3381 258
34.4692 259
34.6003 260
34.7313 261
34.8624 262
34.9934 263
35.1245 264
35.2556 265
35.3866 266
35.5177 267
35.6488 267
35.7798 268
35.9109 269
36.0419 270
36.173 271
36.3041 272
36.4351 273
36.5662 274
36.6972 275
36.8283 276
36.9594 277
37.0904 278
37.2215 279
37.3526 280
37.4836 281
37.6147 282
37.7457 283
37.8768 284
38.0079 285
38.1389 286
38.27 287
38.401 288
38.5321 289
38.6632 290
38.7942 291
38.9253 292
39.0564 293
39.1874 294
39.3185 295
39.4495 296
39.5806 297
39.7117 297
39.8427 298
39.9738 298
40.1048 299
40.2359 300
40.367 301
40.498 302
40.6291 303
40.7602 304
40.8912 305
41.0223 306
41.1533 307
41.2844 308
41.4155 309
41.5465 310
41.6776 311
41.8087 312
41.9397 313
42.0708 314
42.2018 315
42.3329 316
42.464 317
42.595 318
42.7261 319
42.8571 320
42.9882 321
43.1193 322
43.2503 323
43.3814 324
43.5125 325
43.6435 326
43.7746 327
43.9056 328
44.0367 329
44.1678 330
44.2988 331
44.4299 332
44.5609 333
44.692 334
44.8231 335
44.9541 336
45.0852 337
45.2163 338
45.3473 339
45.4784 340
45.6094 341
45.7405 342
45.8716 343
46.0026 344
46.1337 345
46.2647 346
46.3958 347
46.5269 348
46.6579 349
46.789 350
46.9201 351
47.0511 352
47.1822 353
47.3132 354
47.4443 355
47.5754 356
47.7064 357
47.8375 358
47.9685 359
48.0996 360
48.2307 361
48.3617 362
48.4928 363
48.6239 364
48.7549 365
48.886 366
49.017 367
49.1481 368
49.2792 369
49.4102 370
49.5413 371
49.6723 372
49.8034 373
49.9345 374
50.0655 375
50.1966 375
50.3277 376
50.4587 376
50.5898 377
50.7208 378
50.8519 379
50.983 380
51.114 381
51.2451 382
51.3761 383
51.5072 384
51.6383 385
51.7693 386
51.9004 387
52.0315 388
52.1625 389
52.2936 390
52.4246 391
52.5557 392
52.6868 393
52.8178 394
52.9489 395
53.0799 396
53.211 397
53.3421 398
53.4731 399
53.6042 400
53.7353 401
53.8663 402
53.9974 403
54.1284 404
54.2595 405
54.3906 406
54.5216 407
54.6527 408
54.7837 409
54.9148 410
55.0459 411
55.1769 412
55.308 413
55.4391 414
55.5701 415
55.7012 416
55.8322 417
55.9633 418
56.0944 419
56.2254 420
56.3565 421
56.4875 422
56.6186 423
56.7497 424
56.8807 425
57.0118 426
57.1429 427
57.2739 428
57.405 429
57.536 430
57.6671 431
57.7982 432
57.9292 433
58.0603 434
58.1913 435
58.3224 436
58.4535 437
58.5845 438
58.7156 439
58.8467 440
58.9777 441
59.1088 442
59.2398 443
59.3709 444
59.502 445
59.633 446
59.7641 447
59.8952 448
60.0262 449
60.1573 450
60.2883 451
60.4194 452
60.5505 453
60.6815 454
60.8126 455
60.9436 456
61.0747 457
61.2058 458
61.3368 459
61.4679 460
61.599 461
61.73 462
61.8611 463
61.9921 464
62.1232 465
62.2543 466
62.3853 467
62.5164 468
62.6474 469
62.7785 470
62.9096 471
63.0406 472
63.1717 473
63.3028 473
63.4338 474
63.5649 475
63.6959 476
63.827 477
63.9581 478
64.0891 479
64.2202 480
64.3512 481
64.4823 482
64.6134 483
64.7444 484
64.8755 485
65.0066 486
65.1376 487
65.2687 488
65.3997 489
65.5308 490
65.6619 491
65.7929 492
65.924 493
66.055 494
66.1861 495
66.3172 496
66.4482 497
66.5793 498
66.7104 499
66.8414 500
66.9725 501
67.1035 502
67.2346 503
67.3657 504
67.4967 505
67.6278 506
67.7588 507
67.8899 508
68.021 509
68.152 510
68.2831 511
68.4142 512
68.5452 513
68.6763 514
68.8073 515
68.9384 516
69.0695 517
69.2005 518
69.3316 519
69.4626 520
69.5937 521
69.7248 522
69.8558 523
69.9869 524
70.118 525
70.249 526
70.3801 527
70.5111 528
70.6422 529
70.7733 530
70.9043 531
71.0354 532
71.1664 533
71.2975 534
71.4286 535
71.5596 536
71.6907 537
71.8218 538
71.9528 539
72.0839 540
72.2149 541
72.346 542
72.4771 543
72.6081 544
72.7392 545
72.8702 545
73.0013 546
73.1324 547
73.2634 548
73.3945 548
73.5256 549
73.6566 549
73.7877 550
73.9187 550
74.0498 551
74.1809 552
74.3119 553
74.443 554
74.574 555
74.7051 556
74.8362 557
74.9672 558
75.0983 559
75.2294 560
75.3604 561
75.4915 562
75.6225 563
75.7536 563
75.8847 564
76.0157 565
76.1468 566
76.2779 567
76.4089 568
76.54 569
76.671 570
76.8021 571
76.9332 572
77.0642 573
77.1953 574
77.3263 575
77.4574 576
77.5885 577
77.7195 578
77.8506 579
77.9817 580
78.1127 581
78.2438 582
78.3748 583
78.5059 584
78.637 585
78.768 586
78.8991 587
79.0301 588
79.1612 589
79.2923 590
79.4233 591
79.5544 592
79.6855 593
79.8165 594
79.9476 595
80.0786 596
80.2097 597
80.3408 598
80.4718 599
80.6029 600
80.7339 601
80.865 602
80.9961 603
81.1271 604
81.2582 605
81.3893 606
81.5203 607
81.6514 608
81.7824 609
81.9135 610
82.0446 611
82.1756 612
82.3067 613
82.4377 614
82.5688 615
82.6999 615
82.8309 616
82.962 616
83.0931 617
83.2241 617
83.3552 618
83.4862 618
83.6173 619
83.7484 619
83.8794 620
84.0105 620
84.1415 621
84.2726 621
84.4037 622
84.5347 622
84.6658 623
84.7969 623
84.9279 624
85.059 624
85.19 625
85.3211 625
85.4522 626
85.5832 626
85.7143 627
85.8453 628
85.9764 629
86.1075 630
86.2385 631
86.3696 632
86.5007 633
86.6317 634
86.7628 635
86.8938 636
87.0249 637
87.156 638
87.287 639
87.4181 640
87.5491 641
87.6802 642
87.8113 643
87.9423 644
88.0734 645
88.2045 646
88.3355 647
88.4666 648
88.5976 649
88.7287 650
88.8598 651
88.9908 652
89.1219 653
89.2529 654
89.384 655
89.5151 656
89.6461 657
89.7772 658
89.9083 659
90.0393 660
90.1704 661
90.3014 662
90.4325 663
90.5636 664
90.6946 665
90.8257 666
90.9567 667
91.0878 668
91.2189 669
91.3499 670
91.481 671
91.6121 672
91.7431 673
91.8742 674
92.0052 675
92.1363 676
92.2674 677
92.3984 678
92.5295 679
92.6606 680
92.7916 681
92.9227 682
93.0537 683
93.1848 684
93.3159 685
93.4469 686
93.578 687
93.709 688
93.8401 689
93.9712 690
94.1022 691
94.2333 692
94.3644 693
94.4954 694
94.6265 695
94.7575 696
94.8886 697
95.0197 698
95.1507 699
95.2818 700
95.4128 701
95.5439 702
95.675 703
95.806 704
95.9371 705
96.0682 706
96.1992 707
96.3303 708
96.4613 709
96.5924 710
96.7235 711
96.8545 712
96.9856 713
97.1166 714
97.2477 715
97.3788 716
97.5098 717
97.6409 718
97.772 719
97.903 720
98.0341 721
98.1651 722
98.2962 723
98.4273 724
98.5583 725
98.6894 726
98.8204 727
98.9515 728
99.0826 729
99.2136 730
99.3447 731
99.4758 732
99.6068 733
99.7379 734
99.8689 735
100 736
