0.0322061 2
0.0644122 3
0.0966184 4
0.128824 5
0.161031 6
0.193237 7
0.225443 8
0.257649 9
0.289855 10
0.322061 11
0.354267 12
0.386473 13
0.41868 14
0.450886 15
0.483092 16
0.515298 17
0.547504 18
0.57971 19
0.611916 20
0.644122 21
0.676329 22
0.708535 23
0.740741 24
0.772947 25
0.805153 26
0.837359 27
0.869565 28
0.901771 29
0.933977 30
0.966184 31
0.99839 32
1.0306 33
1.0628 34
1.09501 35
1.12721 36
1.15942 37
1.19163 38
1.22383 39
1.25604 40
1.28824 41
1.32045 42
1.35266 43
1.38486 44
1.41707 45
1.44928 46
1.48148 47
1.51369 48
1.54589 49
1.5781 50
1.61031 51
1.64251 52
1.67472 53
1.70692 54
1.73913 55
1.77134 56
1.80354 57
1.83575 58
1.86795 59
1.90016 60
1.93237 61
1.96457 62
1.99678 63
2.02899 64
2.06119 65
2.0934 66
2.1256 67
2.15781 68
2.19002 69
2.22222 70
2.25443 71
2.28663 72
2.31884 73
2.35105 74
2.38325 75
2.41546 76
2.44767 77
2.47987 78
2.51208 79
2.54428 80
2.57649 81
2.6087 82
2.6409 83
2.67311 84
2.70531 85
2.73752 86
2.76973 87
2.80193 88
2.83414 89
2.86634 90
2.89855 91
2.93076 92
2.96296 93
2.99517 94
3.02738 95
3.05958 96
3.09179 97
3.12399 98
3.1562 99
3.18841 100
3.22061 101
3.25282 102
3.28502 103
3.31723 104
3.34944 105
3.38164 106
3.41385 107
3.44605 108
3.47826 109
3.51047 110
3.54267 111
3.57488 112
3.60709 113
3.63929 114
3.6715 115
3.7037 116
3.73591 117
3.76812 118
3.80032 119
3.83253 120
3.86473 121
3.89694 122
3.92915 123
3.96135 124
3.99356 125
4.02576 126
4.05797 127
4.09018 127
4.12238 128
4.15459 129
4.1868 130
4.219 131
4.25121 132
4.28341 132
4.31562 133
4.34783 133
4.38003 134
4.41224 135
4.44444 136
4.47665 136
4.50886 137
4.54106 138
4.57327 139
4.60548 140
4.63768 140
4.66989 141
4.70209 142
4.7343 143
4.76651 144
4.79871 145
4.83092 146
4.86312 147
4.89533 148
4.92754 149
4.95974 150
4.99195 151
5.02415 152
5.05636 153
5.08857 154
5.12077 155
5.15298 156
5.18519 157
5.21739 158
5.2496 159
5.2818 160
5.31401 161
5.34622 162
5.37842 163
5.41063 164
5.44283 165
5.47504 166
5.50725 167
5.53945 168
5.57166 169
5.60386 170
5.63607 171
5.66828 172
5.70048 173
5.73269 174
5.7649 175
5.7971 176
5.82931 177
5.86151 178
5.89372 179
5.92593 180
5.95813 181
5.99034 182
6.02254 183
6.05475 184
6.08696 185
6.11916 186
6.15137 187
6.18357 188
6.21578 189
6.24799 190
6.28019 191
6.3124 192
6.34461 193
6.37681 194
6.40902 195
6.44122 196
6.47343 197
6.50564 198
6.53784 199
6.57005 200
6.60225 201
6.63446 202
6.66667 203
6.69887 204
6.73108 205
6.76329 206
6.79549 207
6.8277 208
6.8599 209
6.89211 210
6.92432 211
6.95652 212
6.98873 213
7.02093 214
7.05314 215
7.08535 216
7.11755 217
7.14976 218
7.18196 219
7.21417 220
7.24638 221
7.27858 222
7.31079 223
7.343 224
7.3752 225
7.40741 226
7.43961 227
7.47182 228
7.50403 229
7.53623 230
7.56844 231
7.60064 232
7.63285 233
7.66506 234
7.69726 235
7.72947 236
7.76167 237
7.79388 238
7.82609 239
7.85829 240
7.8905 241
7.92271 242
7.95491 243
7.98712 244
8.01932 245
8.05153 246
8.08374 247
8.11594 248
8.14815 249
8.18035 250
8.21256 251
8.24477 252
8.27697 253
8.30918 254
8.34138 255
8.37359 256
8.4058 257
8.438 258
8.47021 259
8.50242 260
8.53462 261
8.56683 262
8.59903 263
8.63124 264
8.66345 265
8.69565 266
8.72786 267
8.76006 268
8.79227 269
8.82448 270
8.85668 271
8.88889 272
8.9211 273
8.9533 274
8.98551 275
9.01771 276
9.04992 277
9.08213 278
9.11433 279
9.14654 280
9.17874 281
9.21095 282
9.24316 283
9.27536 284
9.30757 285
9.33977 286
9.37198 287
9.40419 288
9.43639 289
9.4686 290
9.50081 291
9.53301 292
9.56522 293
9.59742 294
9.62963 295
9.66184 296
9.69404 297
9.72625 298
9.75845 299
9.79066 300
9.82287 301
9.85507 302
9.88728 303
9.91948 304
9.95169 305
9.9839 306
10.0161 307
10.0483 308
10.0805 309
10.1127 310
10.1449 311
10.1771 312
10.2093 313
10.2415 314
10.2738 315
10.306 316
10.3382 317
10.3704 318
10.4026 319
10.4348 320
10.467 321
10.4992 322
10.5314 323
10.5636 324
10.5958 325
10.628 326
10.6602 327
10.6924 328
10.7246 329
10.7568 330
10.789 331
10.8213 332
10.8535 333
10.8857 334
10.9179 335
10.9501 336
10.9823 337
11.0145 338
11.0467 339
11.0789 340
11.1111 341
11.1433 342
11.1755 343
11.2077 344
11.2399 345
11.2721 346
11.3043 347
11.3366 348
11.3688 349
11.401 350
11.4332 351
11.4654 352
11.4976 353
11.5298 354
11.562 355
11.5942 356
11.6264 357
11.6586 358
11.6908 359
11.723 360
11.7552 361
11.7874 362
11.8196 363
11.8519 364
11.8841 365
11.9163 366
11.9485 367
11.9807 368
12.0129 369
12.0451 370
12.0773 371
12.1095 372
12.1417 373
12.1739 374
12.2061 375
12.2383 376
12.2705 377
12.3027 378
12.3349 379
12.3671 380
12.3994 381
12.4316 382
12.4638 383
12.496 384
12.5282 385
12.5604 386
12.5926 387
12.6248 388
12.657 389
12.6892 390
12.7214 391
12.7536 392
12.7858 393
12.818 394
12.8502 395
12.8824 396
12.9147 397
12.9469 398
12.9791 399
13.0113 400
13.0435 401
13.0757 402
13.1079 403
13.1401 404
13.1723 405
13.2045 406
13.2367 407
13.2689 408
13.3011 409
13.3333 410
13.3655 411
13.3977 412
13.43 413
13.4622 414
13.4944 415
13.5266 416
13.5588 417
13.591 418
13.6232 419
13.6554 420
13.6876 421
13.7198 422
13.752 423
13.7842 424
13.8164 425
13.8486 426
13.8808 427
13.913 428
13.9452 429
13.9775 430
14.0097 431
14.0419 432
14.0741 433
14.1063 434
14.1385 435
14.1707 436
14.2029 437
14.2351 438
14.2673 439
14.2995 440
14.3317 441
14.3639 442
14.3961 443
14.4283 444
14.4605 445
14.4928 446
14.525 447
14.5572 448
14.5894 449
14.6216 450
14.6538 451
14.686 452
14.7182 453
14.7504 454
14.7826 455
14.8148 456
14.847 457
14.8792 458
14.9114 459
14.9436 460
14.9758 461
15.0081 462
15.0403 463
15.0725 464
15.1047 465
15.1369 466
15.1691 467
15.2013 468
15.2335 469
15.2657 470
15.2979 471
15.3301 472
15.3623 473
15.3945 474
15.4267 475
15.4589 476
15.4911 477
15.5233 478
15.5556 479
15.5878 480
15.62 481
15.6522 482
15.6844 483
15.7166 484
15.7488 485
15.781 486
15.8132 487
15.8454 488
15.8776 489
15.9098 490
15.942 491
15.9742 492
16.0064 493
16.0386 494
16.0709 495
16.1031 496
16.1353 497
16.1675 498
16.1997 499
16.2319 500
16.2641 501
16.2963 502
16.3285 503
16.3607 504
16.3929 505
16.4251 506
16.4573 507
16.4895 508
16.5217 509
16.5539 510
16.5862 511
16.6184 512
16.6506 513
16.6828 514
16.715 515
16.7472 516
16.7794 517
16.8116 518
16.8438 519
16.876 520
16.9082 521
16.9404 522
16.9726 523
17.0048 524
17.037 525
17.0692 526
17.1014 527
17.1337 528
17.1659 529
17.1981 530
17.2303 531
17.2625 532
17.2947 533
17.3269 534
17.3591 535
17.3913 536
17.4235 537
17.4557 538
17.4879 539
17.5201 540
17.5523 541
17.5845 542
17.6167 543
17.649 544
17.6812 545
17.7134 546
17.7456 547
17.7778 548
17.81 549
17.8422 550
17.8744 551
17.9066 552
17.9388 553
17.971 554
18.0032 555
18.0354 556
18.0676 557
18.0998 558
18.132 559
18.1643 560
18.1965 561
18.2287 562
18.2609 563
18.2931 564
18.3253 565
18.3575 566
18.3897 567
18.4219 568
18.4541 569
18.4863 570
18.5185 571
18.5507 572
18.5829 573
18.6151 574
18.6473 575
18.6795 576
18.7118 577
18.744 578
18.7762 579
18.8084 580
18.8406 581
18.8728 582
18.905 583
18.9372 584
18.9694 585
19.0016 586
19.0338 587
19.066 588
19.0982 589
19.1304 590
19.1626 591
19.1948 592
19.2271 593
19.2593 594
19.2915 595
19.3237 596
19.3559 597
19.3881 598
19.4203 599
19.4525 600
19.4847 601
19.5169 602
19.5491 603
19.5813 604
19.6135 605
19.6457 606
19.6779 607
19.7101 608
19.7424 609
19.7746 610
19.8068 611
19.839 612
19.8712 613
19.9034 614
19.9356 615
19.9678 616
20 617
20.0322 618
20.0644 619
20.0966 620
20.1288 621
20.161 622
20.1932 623
20.2254 624
20.2576 625
20.2899 626
20.3221 627
20.3543 628
20.3865 629
20.4187 630
20.4509 631
20.4831 632
20.5153 633
20.5475 633
20.5797 634
20.6119 635
20.6441 636
20.6763 637
20.7085 638
20.7407 639
20.7729 640
20.8052 641
20.8374 642
20.8696 643
20.9018 644
20.934 645
20.9662 646
20.9984 647
21.0306 648
21.0628 649
21.095 650
21.1272 651
21.1594 652
21.1916 653
21.2238 654
21.256 655
21.2882 656
21.3205 657
21.3527 658
21.3849 659
21.4171 660
21.4493 660
21.4815 661
21.5137 662
21.5459 663
21.5781 664
21.6103 665
21.6425 666
21.6747 667
21.7069 668
21.7391 669
21.7713 670
21.8035 671
21.8357 672
21.868 673
21.9002 674
21.9324 675
21.9646 676
21.9968 677
22.029 678
22.0612 679
22.0934 680
22.1256 681
22.1578 682
22.19 683
22.2222 684
22.2544 685
22.2866 686
22.3188 687
22.351 688
22.3833 689
22.4155 690
22.4477 691
22.4799 692
22.5121 693
22.5443 694
22.5765 695
22.6087 696
22.6409 697
22.6731 698
22.7053 699
22.7375 700
22.7697 701
22.8019 702
22.8341 703
22.8663 704
22.8986 705
22.9308 706
22.963 707
22.9952 708
23.0274 709
23.0596 710
23.0918 711
23.124 712
23.1562 713
23.1884 714
23.2206 715
23.2528 716
23.285 717
23.3172 718
23.3494 719
23.3816 720
23.4138 721
23.4461 722
23.4783 723
23.5105 724
23.5427 724
23.5749 725
23.6071 726
23.6393 727
23.6715 728
23.7037 729
23.7359 730
23.7681 731
23.8003 732
23.8325 733
23.8647 734
23.8969 735
23.9291 736
23.9614 737
23.9936 738
24.0258 739
24.058 740
24.0902 741
24.1224 742
24.1546 743
24.1868 744
24.219 745
24.2512 746
24.2834 747
24.3156 748
24.3478 749
24.38 750
24.4122 751
24.4444 752
24.4767 753
24.5089 754
24.5411 755
24.5733 755
24.6055 756
24.6377 757
24.6699 758
24.7021 759
24.7343 760
24.7665 761
24.7987 762
24.8309 763
24.8631 764
24.8953 764
24.9275 765
24.9597 765
24.9919 766
25.0242 766
25.0564 767
25.0886 767
25.1208 768
25.153 769
25.1852 769
25.2174 770
25.2496 770
25.2818 771
25.314 771
25.3462 772
25.3784 773
25.4106 773
25.4428 774
25.475 774
25.5072 775
25.5395 775
25.5717 776
25.6039 777
25.6361 778
25.6683 778
25.7005 779
25.7327 780
25.7649 781
25.7971 782
25.8293 783
25.8615 784
25.8937 785
25.9259 786
25.9581 787
25.9903 788
26.0225 789
26.0548 789
26.087 790
26.1192 791
26.1514 792
26.1836 793
26.2158 794
26.248 795
26.2802 796
26.3124 797
26.3446 798
26.3768 799
26.409 800
26.4412 801
26.4734 802
26.5056 802
26.5378 803
26.57 804
26.6023 805
26.6345 806
26.6667 807
26.6989 808
26.7311 809
26.7633 810
26.7955 811
26.8277 812
26.8599 813
26.8921 814
26.9243 815
26.9565 816
26.9887 817
27.0209 818
27.0531 819
27.0853 820
27.1176 821
27.1498 822
27.182 823
27.2142 824
27.2464 825
27.2786 826
27.3108 827
27.343 828
27.3752 829
27.4074 830
27.4396 831
27.4718 832
27.504 833
27.5362 834
27.5684 835
27.6006 836
27.6329 837
27.6651 837
27.6973 838
27.7295 839
27.7617 840
27.7939 841
27.8261 842
27.8583 843
27.8905 844
27.9227 845
27.9549 846
27.9871 847
28.0193 848
28.0515 849
28.0837 850
28.1159 851
28.1481 852
28.1804 853
28.2126 854
28.2448 855
28.277 856
28.3092 857
28.3414 858
28.3736 859
28.4058 860
28.438 861
28.4702 862
28.5024 863
28.5346 864
28.5668 865
28.599 866
28.6312 867
28.6634 868
28.6957 869
28.7279 870
28.7601 871
28.7923 872
28.8245 873
28.8567 874
28.8889 875
28.9211 876
28.9533 877
28.9855 878
29.0177 879
29.0499 880
29.0821 881
29.1143 882
29.1465 882
29.1787 883
29.211 884
29.2432 884
29.2754 885
29.3076 886
29.3398 887
29.372 888
29.4042 889
29.4364 890
29.4686 890
29.5008 891
29.533 892
29.5652 893
29.5974 894
29.6296 895
29.6618 896
29.694 897
29.7262 898
29.7585 899
29.7907 900
29.8229 901
29.8551 902
29.8873 902
29.9195 903
29.9517 904
29.9839 905
30.0161 906
30.0483 907
30.0805 908
30.1127 909
30.1449 910
30.1771 911
30.2093 912
30.2415 913
30.2738 914
30.306 915
30.3382 916
30.3704 917
30.4026 918
30.4348 919
30.467 920
30.4992 921
30.5314 922
30.5636 923
30.5958 924
30.628 925
30.6602 926
30.6924 927
30.7246 928
30.7568 929
30.789 930
30.8213 931
30.8535 932
30.8857 933
30.9179 934
30.9501 935
30.9823 935
31.0145 936
31.0467 937
31.0789 938
31.1111 939
31.1433 940
31.1755 941
31.2077 941
31.2399 942
31.2721 942
31.3043 943
31.3366 944
31.3688 945
31.401 946
31.4332 947
31.4654 948
31.4976 949
31.5298 949
31.562 950
31.5942 951
31.6264 952
31.6586 953
31.6908 954
31.723 955
31.7552 956
31.7874 956
31.8196 957
31.8519 958
31.8841 958
31.9163 959
31.9485 960
31.9807 961
32.0129 962
32.0451 963
32.0773 964
32.1095 964
32.1417 965
32.1739 966
32.2061 967
32.2383 968
32.2705 969
32.3027 970
32.3349 971
32.3671 972
32.3994 973
32.4316 974
32.4638 975
32.496 975
32.5282 976
32.5604 977
32.5926 978
32.6248 979
32.657 980
32.6892 981
32.7214 982
32.7536 983
32.7858 984
32.818 985
32.8502 986
32.8824 986
32.9147 987
32.9469 987
32.9791 988
33.0113 989
33.0435 990
33.0757 991
33.1079 991
33.1401 992
33.1723 993
33.2045 994
33.2367 995
33.2689 996
33.3011 997
33.3333 998
33.3655 999
33.3977 999
33.43 1000
33.4622 1001
33.4944 1002
33.5266 1003
33.5588 1004
33.591 1005
33.6232 1006
33.6554 1007
33.6876 1008
33.7198 1009
33.752 1010
33.7842 1011
33.8164 1012
33.8486 1013
33.8808 1014
33.913 1015
33.9452 1015
33.9775 1016
34.0097 1017
34.0419 1018
34.0741 1019
34.1063 1020
34.1385 1021
34.1707 1022
34.2029 1023
34.2351 1023
34.2673 1024
34.2995 1025
34.3317 1025
34.3639 1026
34.3961 1027
34.4283 1028
34.4605 1029
34.4928 1030
34.525 1031
34.5572 1032
34.5894 1033
34.6216 1034
34.6538 1035
34.686 1036
34.7182 1037
34.7504 1038
34.7826 1039
34.8148 1040
34.847 1041
34.8792 1042
34.9114 1043
34.9436 1044
34.9758 1045
35.0081 1046
35.0403 1047
35.0725 1048
35.1047 1049
35.1369 1050
35.1691 1051
35.2013 1052
35.2335 1053
35.2657 1054
35.2979 1055
35.3301 1056
35.3623 1057
35.3945 1057
35.4267 1058
35.4589 1059
35.4911 1059
35.5233 1060
35.5556 1061
35.5878 1062
35.62 1063
35.6522 1064
35.6844 1065
35.7166 1066
35.7488 1067
35.781 1068
35.8132 1069
35.8454 1069
35.8776 1070
35.9098 1071
35.942 1072
35.9742 1073
36.0064 1073
36.0386 1074
36.0709 1075
36.1031 1076
36.1353 1077
36.1675 1078
36.1997 1079
36.2319 1080
36.2641 1081
36.2963 1082
36.3285 1083
36.3607 1084
36.3929 1084
36.4251 1085
36.4573 1085
36.4895 1086
36.5217 1086
36.5539 1087
36.5862 1087
36.6184 1088
36.6506 1089
36.6828 1089
36.715 1090
36.7472 1091
36.7794 1092
36.8116 1093
36.8438 1094
36.876 1095
36.9082 1096
36.9404 1097
36.9726 1098
37.0048 1098
37.037 1099
37.0692 1100
37.1014 1101
37.1337 1102
37.1659 1103
37.1981 1104
37.2303 1105
37.2625 1106
37.2947 1107
37.3269 1108
37.3591 1109
37.3913 1110
37.4235 1111
37.4557 1112
37.4879 1113
37.5201 1114
37.5523 1115
37.5845 1116
37.6167 1117
37.649 1118
37.6812 1119
37.7134 1120
37.7456 1121
37.7778 1122
37.81 1123
37.8422 1124
37.8744 1125
37.9066 1126
37.9388 1127
37.971 1128
38.0032 1129
38.0354 1130
38.0676 1131
38.0998 1132
38.132 1133
38.1643 1134
38.1965 1135
38.2287 1136
38.2609 1137
38.2931 1138
38.3253 1139
38.3575 1140
38.3897 1141
38.4219 1142
38.4541 1143
38.4863 1144
38.5185 1145
38.5507 1146
38.5829 1147
38.6151 1148
38.6473 1149
38.6795 1150
38.7118 1151
38.744 1152
38.7762 1153
38.8084 1154
38.8406 1155
38.8728 1156
38.905 1157
38.9372 1158
38.9694 1159
39.0016 1160
39.0338 1161
39.066 1162
39.0982 1163
39.1304 1164
39.1626 1165
39.1948 1166
39.2271 1167
39.2593 1168
39.2915 1169
39.3237 1170
39.3559 1171
39.3881 1172
39.4203 1173
39.4525 1174
39.4847 1175
39.5169 1176
39.5491 1177
39.5813 1178
39.6135 1179
39.6457 1180
39.6779 1181
39.7101 1182
39.7424 1183
39.7746 1184
39.8068 1185
39.839 1186
39.8712 1187
39.9034 1188
39.9356 1189
39.9678 1190
40 1191
40.0322 1192
40.0644 1192
40.0966 1193
40.1288 1194
40.161 1195
40.1932 1196
40.2254 1197
40.2576 1198
40.2899 1198
40.3221 1199
40.3543 1200
40.3865 1201
40.4187 1202
40.4509 1203
40.4831 1203
40.5153 1204
40.5475 1205
40.5797 1206
40.6119 1207
40.6441 1207
40.6763 1208
40.7085 1209
40.7407 1210
40.7729 1211
40.8052 1212
40.8374 1213
40.8696 1214
40.9018 1215
40.934 1216
40.9662 1217
40.9984 1218
41.0306 1219
41.0628 1220
41.095 1221
41.1272 1222
41.1594 1223
41.1916 1224
41.2238 1225
41.256 1226
41.2882 1227
41.3205 1228
41.3527 1229
41.3849 1230
41.4171 1231
41.4493 1232
41.4815 1233
41.5137 1233
41.5459 1234
41.5781 1235
41.6103 1236
41.6425 1237
41.6747 1238
41.7069 1239
41.7391 1240
41.7713 1241
41.8035 1242
41.8357 1243
41.868 1244
41.9002 1245
41.9324 1246
41.9646 1247
41.9968 1247
42.029 1248
42.0612 1249
42.0934 1250
42.1256 1251
42.1578 1252
42.19 1253
42.2222 1254
42.2544 1254
42.2866 1255
42.3188 1256
42.351 1257
42.3833 1258
42.4155 1259
42.4477 1260
42.4799 1261
42.5121 1262
42.5443 1263
42.5765 1264
42.6087 1265
42.6409 1266
42.6731 1267
42.7053 1268
42.7375 1269
42.7697 1270
42.8019 1271
42.8341 1272
42.8663 1273
42.8986 1274
42.9308 1275
42.963 1276
42.9952 1277
43.0274 1278
43.0596 1279
43.0918 1280
43.124 1281
43.1562 1282
43.1884 1283
43.2206 1284
43.2528 1285
43.285 1286
43.3172 1287
43.3494 1288
43.3816 1289
43.4138 1290
43.4461 1291
43.4783 1292
43.5105 1293
43.5427 1293
43.5749 1294
43.6071 1295
43.6393 1295
43.6715 1296
43.7037 1296
43.7359 1297
43.7681 1298
43.8003 1299
43.8325 1300
43.8647 1301
43.8969 1302
43.9291 1303
43.9614 1304
43.9936 1305
44.0258 1306
44.058 1307
44.0902 1307
44.1224 1308
44.1546 1309
44.1868 1310
44.219 1311
44.2512 1312
44.2834 1313
44.3156 1313
44.3478 1314
44.38 1314
44.4122 1315
44.4444 1316
44.4767 1317
44.5089 1318
44.5411 1319
44.5733 1319
44.6055 1320
44.6377 1321
44.6699 1322
44.7021 1323
44.7343 1324
44.7665 1325
44.7987 1326
44.8309 1327
44.8631 1328
44.8953 1328
44.9275 1329
44.9597 1330
44.9919 1331
45.0242 1332
45.0564 1333
45.0886 1334
45.1208 1335
45.153 1336
45.1852 1336
45.2174 1337
45.2496 1338
45.2818 1339
45.314 1340
45.3462 1341
45.3784 1342
45.4106 1342
45.4428 1343
45.475 1343
45.5072 1344
45.5395 1345
45.5717 1346
45.6039 1347
45.6361 1347
45.6683 1348
45.7005 1349
45.7327 1350
45.7649 1351
45.7971 1352
45.8293 1353
45.8615 1354
45.8937 1355
45.9259 1356
45.9581 1357
45.9903 1358
46.0225 1359
46.0548 1360
46.087 1361
46.1192 1362
46.1514 1363
46.1836 1364
46.2158 1365
46.248 1366
46.2802 1367
46.3124 1368
46.3446 1369
46.3768 1370
46.409 1371
46.4412 1372
46.4734 1373
46.5056 1374
46.5378 1375
46.57 1375
46.6023 1376
46.6345 1377
46.6667 1378
46.6989 1379
46.7311 1380
46.7633 1381
46.7955 1381
46.8277 1382
46.8599 1383
46.8921 1384
46.9243 1385
46.9565 1386
46.9887 1387
47.0209 1388
47.0531 1389
47.0853 1390
47.1176 1391
47.1498 1392
47.182 1393
47.2142 1394
47.2464 1395
47.2786 1396
47.3108 1397
47.343 1398
47.3752 1399
47.4074 1400
47.4396 1401
47.4718 1402
47.504 1403
47.5362 1404
47.5684 1405
47.6006 1406
47.6329 1407
47.6651 1408
47.6973 1409
47.7295 1409
47.7617 1410
47.7939 1411
47.8261 1412
47.8583 1413
47.8905 1414
47.9227 1415
47.9549 1416
47.9871 1417
48.0193 1418
48.0515 1419
48.0837 1420
48.1159 1421
48.1481 1422
48.1804 1423
48.2126 1424
48.2448 1425
48.277 1426
48.3092 1427
48.3414 1428
48.3736 1429
48.4058 1430
48.438 1431
48.4702 1432
48.5024 1433
48.5346 1434
48.5668 1435
48.599 1436
48.6312 1437
48.6634 1437
48.6957 1438
48.7279 1439
48.7601 1440
48.7923 1441
48.8245 1442
48.8567 1443
48.8889 1444
48.9211 1445
48.9533 1446
48.9855 1447
49.0177 1448
49.0499 1449
49.0821 1450
49.1143 1451
49.1465 1452
49.1787 1453
49.211 1454
49.2432 1455
49.2754 1456
49.3076 1457
49.3398 1458
49.372 1459
49.4042 1460
49.4364 1461
49.4686 1462
49.5008 1463
49.533 1464
49.5652 1465
49.5974 1466
49.6296 1467
49.6618 1468
49.694 1469
49.7262 1470
49.7585 1471
49.7907 1472
49.8229 1473
49.8551 1474
49.8873 1475
49.9195 1476
49.9517 1477
49.9839 1478
50.0161 1479
50.0483 1480
50.0805 1481
50.1127 1482
50.1449 1482
50.1771 1483
50.2093 1484
50.2415 1485
50.2738 1486
50.306 1487
50.3382 1488
50.3704 1489
50.4026 1490
50.4348 1491
50.467 1492
50.4992 1493
50.5314 1494
50.5636 1495
50.5958 1496
50.628 1497
50.6602 1498
50.6924 1499
50.7246 1500
50.7568 1501
50.789 1501
50.8213 1502
50.8535 1503
50.8857 1504
50.9179 1504
50.9501 1505
50.9823 1506
51.0145 1507
51.0467 1508
51.0789 1509
51.1111 1510
51.1433 1511
51.1755 1512
51.2077 1513
51.2399 1514
51.2721 1515
51.3043 1515
51.3366 1516
51.3688 1516
51.401 1517
51.4332 1517
51.4654 1518
51.4976 1518
51.5298 1519
51.562 1519
51.5942 1520
51.6264 1521
51.6586 1521
51.6908 1522
51.723 1522
51.7552 1523
51.7874 1524
51.8196 1525
51.8519 1526
51.8841 1527
51.9163 1528
51.9485 1529
51.9807 1530
52.0129 1531
52.0451 1532
52.0773 1533
52.1095 1534
52.1417 1535
52.1739 1536
52.2061 1537
52.2383 1538
52.2705 1539
52.3027 1540
52.3349 1541
52.3671 1542
52.3994 1543
52.4316 1544
52.4638 1545
52.496 1546
52.5282 1547
52.5604 1548
52.5926 1549
52.6248 1550
52.657 1551
52.6892 1552
52.7214 1553
52.7536 1554
52.7858 1555
52.818 1556
52.8502 1557
52.8824 1558
52.9147 1559
52.9469 1560
52.9791 1561
53.0113 1562
53.0435 1563
53.0757 1564
53.1079 1564
53.1401 1565
53.1723 1565
53.2045 1566
53.2367 1567
53.2689 1568
53.3011 1569
53.3333 1570
53.3655 1571
53.3977 1572
53.43 1573
53.4622 1574
53.4944 1575
53.5266 1576
53.5588 1577
53.591 1578
53.6232 1579
53.6554 1579
53.6876 1580
53.7198 1581
53.752 1582
53.7842 1582
53.8164 1583
53.8486 1584
53.8808 1585
53.913 1586
53.9452 1587
53.9775 1587
54.0097 1588
54.0419 1588
54.0741 1589
54.1063 1590
54.1385 1591
54.1707 1592
54.2029 1593
54.2351 1594
54.2673 1595
54.2995 1596
54.3317 1597
54.3639 1598
54.3961 1599
54.4283 1600
54.4605 1601
54.4928 1601
54.525 1602
54.5572 1603
54.5894 1604
54.6216 1605
54.6538 1606
54.686 1607
54.7182 1608
54.7504 1609
54.7826 1610
54.8148 1611
54.847 1612
54.8792 1613
54.9114 1614
54.9436 1615
54.9758 1616
55.0081 1617
55.0403 1618
55.0725 1619
55.1047 1620
55.1369 1621
55.1691 1622
55.2013 1623
55.2335 1624
55.2657 1625
55.2979 1626
55.3301 1627
55.3623 1628
55.3945 1629
55.4267 1630
55.4589 1631
55.4911 1632
55.5233 1633
55.5556 1634
55.5878 1635
55.62 1635
55.6522 1636
55.6844 1637
55.7166 1638
55.7488 1639
55.781 1640
55.8132 1641
55.8454 1642
55.8776 1643
55.9098 1644
55.942 1645
55.9742 1646
56.0064 1647
56.0386 1648
56.0709 1649
56.1031 1650
56.1353 1651
56.1675 1652
56.1997 1653
56.2319 1654
56.2641 1655
56.2963 1656
56.3285 1657
56.3607 1658
56.3929 1659
56.4251 1659
56.4573 1660
56.4895 1661
56.5217 1662
56.5539 1663
56.5862 1664
56.6184 1665
56.6506 1666
56.6828 1667
56.715 1668
56.7472 1669
56.7794 1670
56.8116 1671
56.8438 1672
56.876 1673
56.9082 1674
56.9404 1675
56.9726 1676
57.0048 1677
57.037 1678
57.0692 1679
57.1014 1680
57.1337 1681
57.1659 1682
57.1981 1683
57.2303 1684
57.2625 1685
57.2947 1686
57.3269 1687
57.3591 1688
57.3913 1689
57.4235 1690
57.4557 1691
57.4879 1692
57.5201 1693
57.5523 1694
57.5845 1694
57.6167 1695
57.649 1696
57.6812 1697
57.7134 1698
57.7456 1699
57.7778 1700
57.81 1701
57.8422 1702
57.8744 1703
57.9066 1704
57.9388 1705
57.971 1706
58.0032 1707
58.0354 1708
58.0676 1709
58.0998 1710
58.132 1710
58.1643 1711
58.1965 1712
58.2287 1713
58.2609 1714
58.2931 1715
58.3253 1716
58.3575 1717
58.3897 1718
58.4219 1719
58.4541 1720
58.4863 1721
58.5185 1722
58.5507 1723
58.5829 1724
58.6151 1724
58.6473 1725
58.6795 1725
58.7118 1726
58.744 1726
58.7762 1727
58.8084 1728
58.8406 1729
58.8728 1730
58.905 1731
58.9372 1732
58.9694 1733
59.0016 1734
59.0338 1735
59.066 1736
59.0982 1737
59.1304 1738
59.1626 1739
59.1948 1740
59.2271 1741
59.2593 1742
59.2915 1743
59.3237 1744
59.3559 1745
59.3881 1746
59.4203 1747
59.4525 1748
59.4847 1749
59.5169 1750
59.5491 1751
59.5813 1752
59.6135 1753
59.6457 1754
59.6779 1755
59.7101 1756
59.7424 1757
59.7746 1758
59.8068 1759
59.839 1760
59.8712 1761
59.9034 1762
59.9356 1763
59.9678 1764
60 1765
60.0322 1766
60.0644 1767
60.0966 1768
60.1288 1769
60.161 1770
60.1932 1771
60.2254 1772
60.2576 1773
60.2899 1774
60.3221 1775
60.3543 1776
60.3865 1777
60.4187 1778
60.4509 1779
60.4831 1780
60.5153 1781
60.5475 1782
60.5797 1783
60.6119 1784
60.6441 1785
60.6763 1786
60.7085 1787
60.7407 1788
60.7729 1789
60.8052 1790
60.8374 1791
60.8696 1792
60.9018 1793
60.934 1794
60.9662 1795
60.9984 1796
61.0306 1797
61.0628 1798
61.095 1799
61.1272 1800
61.1594 1801
61.1916 1802
61.2238 1803
61.256 1804
61.2882 1805
61.3205 1806
61.3527 1807
61.3849 1808
61.4171 1808
61.4493 1809
61.4815 1809
61.5137 1810
61.5459 1811
61.5781 1812
61.6103 1813
61.6425 1814
61.6747 1815
61.7069 1816
61.7391 1816
61.7713 1817
61.8035 1818
61.8357 1819
61.868 1820
61.9002 1821
61.9324 1822
61.9646 1823
61.9968 1824
62.029 1825
62.0612 1826
62.0934 1827
62.1256 1828
62.1578 1829
62.19 1830
62.2222 1831
62.2544 1832
62.2866 1833
62.3188 1834
62.351 1835
62.3833 1836
62.4155 1837
62.4477 1838
62.4799 1839
62.5121 1840
62.5443 1841
62.5765 1842
62.6087 1843
62.6409 1844
62.6731 1845
62.7053 1846
62.7375 1847
62.7697 1848
62.8019 1849
62.8341 1850
62.8663 1851
62.8986 1852
62.9308 1853
62.963 1854
62.9952 1855
63.0274 1856
63.0596 1857
63.0918 1858
63.124 1859
63.1562 1860
63.1884 1861
63.2206 1862
63.2528 1863
63.285 1864
63.3172 1865
63.3494 1866
63.3816 1867
63.4138 1868
63.4461 1869
63.4783 1870
63.5105 1871
63.5427 1872
63.5749 1873
63.6071 1874
63.6393 1875
63.6715 1876
63.7037 1877
63.7359 1878
63.7681 1879
63.8003 1880
63.8325 1881
63.8647 1882
63.8969 1883
63.9291 1884
63.9614 1885
63.9936 1886
64.0258 1887
64.058 1888
64.0902 1889
64.1224 1890
64.1546 1891
64.1868 1892
64.219 1893
64.2512 1894
64.2834 1895
64.3156 1896
64.3478 1897
64.38 1898
64.4122 1899
64.4444 1900
64.4767 1901
64.5089 1902
64.5411 1903
64.5733 1904
64.6055 1905
64.6377 1906
64.6699 1907
64.7021 1908
64.7343 1909
64.7665 1910
64.7987 1911
64.8309 1912
64.8631 1913
64.8953 1914
64.9275 1915
64.9597 1916
64.9919 1917
65.0242 1918
65.0564 1919
65.0886 1920
65.1208 1921
65.153 1922
65.1852 1923
65.2174 1924
65.2496 1925
65.2818 1926
65.314 1927
65.3462 1928
65.3784 1929
65.4106 1930
65.4428 1931
65.475 1932
65.5072 1933
65.5395 1934
65.5717 1935
65.6039 1936
65.6361 1937
65.6683 1938
65.7005 1939
65.7327 1940
65.7649 1941
65.7971 1942
65.8293 1943
65.8615 1944
65.8937 1945
65.9259 1946
65.9581 1947
65.9903 1948
66.0225 1949
66.0548 1950
66.087 1951
66.1192 1952
66.1514 1953
66.1836 1954
66.2158 1955
66.248 1956
66.2802 1957
66.3124 1958
66.3446 1959
66.3768 1960
66.409 1961
66.4412 1962
66.4734 1963
66.5056 1964
66.5378 1965
66.57 1966
66.6023 1967
66.6345 1968
66.6667 1969
66.6989 1970
66.7311 1971
66.7633 1972
66.7955 1973
66.8277 1974
66.8599 1975
66.8921 1976
66.9243 1977
66.9565 1978
66.9887 1979
67.0209 1980
67.0531 1981
67.0853 1982
67.1176 1983
67.1498 1984
67.182 1985
67.2142 1986
67.2464 1987
67.2786 1988
67.3108 1989
67.343 1990
67.3752 1991
67.4074 1992
67.4396 1993
67.4718 1994
67.504 1995
67.5362 1996
67.5684 1997
67.6006 1998
67.6329 1999
67.6651 2000
67.6973 2001
67.7295 2002
67.7617 2003
67.7939 2004
67.8261 2005
67.8583 2006
67.8905 2007
67.9227 2008
67.9549 2009
67.9871 2010
68.0193 2011
68.0515 2012
68.0837 2013
68.1159 2014
68.1481 2015
68.1804 2016
68.2126 2017
68.2448 2018
68.277 2019
68.3092 2020
68.3414 2021
68.3736 2022
68.4058 2023
68.438 2024
68.4702 2025
68.5024 2026
68.5346 2027
68.5668 2028
68.599 2029
68.6312 2030
68.6634 2031
68.6957 2032
68.7279 2033
68.7601 2034
68.7923 2035
68.8245 2036
68.8567 2037
68.8889 2038
68.9211 2039
68.9533 2040
68.9855 2041
69.0177 2042
69.0499 2043
69.0821 2044
69.1143 2045
69.1465 2046
69.1787 2047
69.211 2048
69.2432 2049
69.2754 2050
69.3076 2051
69.3398 2052
69.372 2053
69.4042 2054
69.4364 2055
69.4686 2056
69.5008 2057
69.533 2058
69.5652 2059
69.5974 2060
69.6296 2061
69.6618 2062
69.694 2063
69.7262 2064
69.7585 2065
69.7907 2066
69.8229 2067
69.8551 2068
69.8873 2069
69.9195 2070
69.9517 2071
69.9839 2072
70.0161 2073
70.0483 2074
70.0805 2075
70.1127 2076
70.1449 2077
70.1771 2078
70.2093 2079
70.2415 2080
70.2738 2081
70.306 2082
70.3382 2083
70.3704 2084
70.4026 2085
70.4348 2086
70.467 2087
70.4992 2088
70.5314 2089
70.5636 2090
70.5958 2091
70.628 2092
70.6602 2093
70.6924 2094
70.7246 2095
70.7568 2096
70.789 2097
70.8213 2098
70.8535 2099
70.8857 2100
70.9179 2101
70.9501 2102
70.9823 2103
71.0145 2104
71.0467 2105
71.0789 2106
71.1111 2107
71.1433 2108
71.1755 2109
71.2077 2110
71.2399 2111
71.2721 2112
71.3043 2113
71.3366 2114
71.3688 2115
71.401 2116
71.4332 2117
71.4654 2118
71.4976 2119
71.5298 2120
71.562 2121
71.5942 2122
71.6264 2123
71.6586 2124
71.6908 2125
71.723 2126
71.7552 2127
71.7874 2128
71.8196 2129
71.8519 2130
71.8841 2131
71.9163 2132
71.9485 2133
71.9807 2134
72.0129 2135
72.0451 2136
72.0773 2137
72.1095 2138
72.1417 2139
72.1739 2140
72.2061 2141
72.2383 2142
72.2705 2143
72.3027 2144
72.3349 2145
72.3671 2146
72.3994 2147
72.4316 2148
72.4638 2149
72.496 2150
72.5282 2151
72.5604 2152
72.5926 2153
72.6248 2154
72.657 2155
72.6892 2156
72.7214 2157
72.7536 2158
72.7858 2159
72.818 2160
72.8502 2161
72.8824 2162
72.9147 2163
72.9469 2164
72.9791 2165
73.0113 2166
73.0435 2167
73.0757 2168
73.1079 2169
73.1401 2170
73.1723 2171
73.2045 2172
73.2367 2173
73.2689 2174
73.3011 2175
73.3333 2176
73.3655 2177
73.3977 2178
73.43 2179
73.4622 2180
73.4944 2181
73.5266 2182
73.5588 2183
73.591 2184
73.6232 2185
73.6554 2186
73.6876 2187
73.7198 2188
73.752 2189
73.7842 2190
73.8164 2191
73.8486 2192
73.8808 2193
73.913 2194
73.9452 2195
73.9775 2196
74.0097 2197
74.0419 2198
74.0741 2199
74.1063 2200
74.1385 2201
74.1707 2202
74.2029 2203
74.2351 2204
74.2673 2205
74.2995 2206
74.3317 2207
74.3639 2208
74.3961 2209
74.4283 2210
74.4605 2211
74.4928 2212
74.525 2213
74.5572 2214
74.5894 2215
74.6216 2216
74.6538 2217
74.686 2218
74.7182 2219
74.7504 2220
74.7826 2221
74.8148 2222
74.847 2223
74.8792 2224
74.9114 2225
74.9436 2226
74.9758 2227
75.0081 2228
75.0403 2229
75.0725 2230
75.1047 2231
75.1369 2232
75.1691 2233
75.2013 2234
75.2335 2234
75.2657 2235
75.2979 2236
75.3301 2237
75.3623 2238
75.3945 2239
75.4267 2240
75.4589 2241
75.4911 2242
75.5233 2243
75.5556 2244
75.5878 2245
75.62 2246
75.6522 2247
75.6844 2248
75.7166 2249
75.7488 2250
75.781 2251
75.8132 2252
75.8454 2253
75.8776 2254
75.9098 2255
75.942 2256
75.9742 2257
76.0064 2258
76.0386 2259
76.0709 2260
76.1031 2261
76.1353 2262
76.1675 2263
76.1997 2264
76.2319 2265
76.2641 2266
76.2963 2267
76.3285 2268
76.3607 2269
76.3929 2270
76.4251 2271
76.4573 2272
76.4895 2273
76.5217 2274
76.5539 2275
76.5862 2276
76.6184 2277
76.6506 2278
76.6828 2279
76.715 2280
76.7472 2281
76.7794 2282
76.8116 2283
76.8438 2284
76.876 2285
76.9082 2286
76.9404 2287
76.9726 2288
77.0048 2289
77.037 2290
77.0692 2291
77.1014 2292
77.1337 2293
77.1659 2294
77.1981 2295
77.2303 2296
77.2625 2297
77.2947 2298
77.3269 2299
77.3591 2300
77.3913 2301
77.4235 2302
77.4557 2303
77.4879 2304
77.5201 2305
77.5523 2306
77.5845 2307
77.6167 2308
77.649 2309
77.6812 2310
77.7134 2311
77.7456 2312
77.7778 2313
77.81 2314
77.8422 2315
77.8744 2316
77.9066 2317
77.9388 2318
77.971 2319
78.0032 2320
78.0354 2321
78.0676 2322
78.0998 2323
78.132 2324
78.1643 2325
78.1965 2326
78.2287 2327
78.2609 2328
78.2931 2329
78.3253 2330
78.3575 2331
78.3897 2332
78.4219 2333
78.4541 2334
78.4863 2335
78.5185 2336
78.5507 2337
78.5829 2338
78.6151 2339
78.6473 2340
78.6795 2341
78.7118 2342
