0.0354862 2
0.0709723 3
0.106458 4
0.141945 5
0.177431 6
0.212917 7
0.248403 8
0.283889 9
0.319375 10
0.354862 11
0.390348 12
0.425834 13
0.46132 14
0.496806 15
0.532292 16
0.567779 17
0.603265 18
0.638751 19
0.674237 20
0.709723 21
0.745209 22
0.780696 23
0.816182 24
0.851668 25
0.887154 26
0.92264 27
0.958126 28
0.993612 29
1.0291 30
1.06458 31
1.10007 32
1.13556 32
1.17104 33
1.20653 34
1.24202 35
1.2775 36
1.31299 37
1.34847 38
1.38396 39
1.41945 40
1.45493 41
1.49042 42
1.5259 43
1.56139 44
1.59688 45
1.63236 46
1.66785 47
1.70334 48
1.73882 49
1.77431 50
1.80979 51
1.84528 52
1.88077 53
1.91625 54
1.95174 55
1.98722 56
2.02271 57
2.0582 58
2.09368 59
2.12917 60
2.16466 61
2.20014 62
2.23563 63
2.27111 64
2.3066 65
2.34209 66
2.37757 67
2.41306 68
2.44855 69
2.48403 70
2.51952 71
2.555 72
2.59049 73
2.62598 74
2.66146 75
2.69695 76
2.73243 77
2.76792 78
2.80341 79
2.83889 80
2.87438 81
2.90987 82
2.94535 83
2.98084 84
3.01632 85
3.05181 86
3.0873 87
3.12278 88
3.15827 89
3.19375 90
3.22924 91
3.26473 92
3.30021 93
3.3357 94
3.37119 95
3.40667 96
3.44216 97
3.47764 98
3.51313 99
3.54862 100
3.5841 101
3.61959 102
3.65507 103
3.69056 104
3.72605 105
3.76153 106
3.79702 107
3.83251 108
3.86799 109
3.90348 110
3.93896 111
3.97445 112
4.00994 113
4.04542 114
4.08091 115
4.11639 116
4.15188 117
4.18737 118
4.22285 119
4.25834 120
4.29383 121
4.32931 122
4.3648 123
4.40028 124
4.43577 125
4.47126 126
4.50674 127
4.54223 127
4.57771 128
4.6132 129
4.64869 130
4.68417 131
4.71966 132
4.75515 132
4.79063 133
4.82612 133
4.8616 134
4.89709 135
4.93258 136
4.96806 136
5.00355 137
5.03903 138
5.07452 139
5.11001 140
5.14549 140
5.18098 141
5.21647 142
5.25195 143
5.28744 144
5.32292 145
5.35841 146
5.3939 147
5.42938 148
5.46487 149
5.50035 150
5.53584 151
5.57133 152
5.60681 153
5.6423 154
5.67779 155
5.71327 156
5.74876 157
5.78424 158
5.81973 159
5.85522 160
5.8907 161
5.92619 162
5.96167 163
5.99716 164
6.03265 165
6.06813 166
6.10362 167
6.13911 168
6.17459 169
6.21008 170
6.24556 171
6.28105 172
6.31654 173
6.35202 174
6.38751 175
6.423 176
6.45848 177
6.49397 178
6.52945 179
6.56494 180
6.60043 181
6.63591 182
6.6714 183
6.70688 184
6.74237 185
6.77786 186
6.81334 187
6.84883 188
6.88432 189
6.9198 190
6.95529 191
6.99077 192
7.02626 193
7.06175 194
7.09723 195
7.13272 196
7.1682 197
7.20369 198
7.23918 199
7.27466 200
7.31015 201
7.34564 202
7.38112 203
7.41661 204
7.45209 205
7.48758 206
7.52307 207
7.55855 208
7.59404 209
7.62952 210
7.66501 211
7.7005 212
7.73598 213
7.77147 214
7.80696 215
7.84244 216
7.87793 217
7.91341 218
7.9489 219
7.98439 220
8.01987 221
8.05536 222
8.09084 223
8.12633 224
8.16182 225
8.1973 226
8.23279 227
8.26828 228
8.30376 229
8.33925 230
8.37473 231
8.41022 232
8.44571 233
8.48119 234
8.51668 235
8.55216 236
8.58765 237
8.62314 238
8.65862 239
8.69411 240
8.7296 241
8.76508 242
8.80057 243
8.83605 244
8.87154 245
8.90703 246
8.94251 247
8.978 248
9.01348 249
9.04897 250
9.08446 251
9.11994 252
9.15543 253
9.19092 254
9.2264 255
9.26189 256
9.29737 257
9.33286 258
9.36835 259
9.40383 260
9.43932 261
9.4748 262
9.51029 263
9.54578 264
9.58126 265
9.61675 266
9.65224 267
9.68772 268
9.72321 269
9.75869 270
9.79418 271
9.82967 272
9.86515 273
9.90064 274
9.93612 275
9.97161 276
10.0071 277
10.0426 278
10.0781 279
10.1136 280
10.149 281
10.1845 282
10.22 283
10.2555 284
10.291 285
10.3265 286
10.362 287
10.3974 288
10.4329 289
10.4684 290
10.5039 291
10.5394 292
10.5749 293
10.6104 294
10.6458 295
10.6813 296
10.7168 297
10.7523 298
10.7878 299
10.8233 300
10.8588 301
10.8943 302
10.9297 303
10.9652 304
11.0007 305
11.0362 306
11.0717 307
11.1072 308
11.1427 309
11.1781 310
11.2136 311
11.2491 312
11.2846 313
11.3201 314
11.3556 315
11.3911 316
11.4265 317
11.462 318
11.4975 319
11.533 320
11.5685 321
11.604 322
11.6395 323
11.6749 324
11.7104 325
11.7459 326
11.7814 327
11.8169 328
11.8524 329
11.8879 330
11.9233 331
11.9588 332
11.9943 333
12.0298 334
12.0653 335
12.1008 336
12.1363 337
12.1718 338
12.2072 339
12.2427 340
12.2782 341
12.3137 342
12.3492 343
12.3847 344
12.4202 345
12.4556 346
12.4911 347
12.5266 348
12.5621 349
12.5976 350
12.6331 351
12.6686 352
12.704 353
12.7395 354
12.775 355
12.8105 356
12.846 357
12.8815 358
12.917 359
12.9524 360
12.9879 361
13.0234 362
13.0589 363
13.0944 364
13.1299 365
13.1654 366
13.2009 367
13.2363 368
13.2718 369
13.3073 370
13.3428 371
13.3783 372
13.4138 373
13.4493 374
13.4847 375
13.5202 376
13.5557 377
13.5912 378
13.6267 379
13.6622 380
13.6977 381
13.7331 382
13.7686 383
13.8041 384
13.8396 385
13.8751 386
13.9106 387
13.9461 388
13.9815 389
14.017 390
14.0525 391
14.088 392
14.1235 393
14.159 394
14.1945 395
14.23 396
14.2654 397
14.3009 398
14.3364 399
14.3719 400
14.4074 401
14.4429 402
14.4784 403
14.5138 404
14.5493 405
14.5848 406
14.6203 407
14.6558 408
14.6913 409
14.7268 410
14.7622 411
14.7977 412
14.8332 413
14.8687 414
14.9042 415
14.9397 416
14.9752 417
15.0106 418
15.0461 419
15.0816 420
15.1171 421
15.1526 422
15.1881 423
15.2236 424
15.259 425
15.2945 426
15.33 427
15.3655 428
15.401 429
15.4365 430
15.472 431
15.5075 432
15.5429 433
15.5784 434
15.6139 435
15.6494 436
15.6849 437
15.7204 438
15.7559 439
15.7913 440
15.8268 441
15.8623 442
15.8978 443
15.9333 444
15.9688 445
16.0043 446
16.0397 447
16.0752 448
16.1107 449
16.1462 450
16.1817 451
16.2172 452
16.2527 453
16.2881 454
16.3236 455
16.3591 456
16.3946 457
16.4301 458
16.4656 459
16.5011 460
16.5366 461
16.572 462
16.6075 463
16.643 464
16.6785 465
16.714 466
16.7495 467
16.785 468
16.8204 469
16.8559 470
16.8914 471
16.9269 472
16.9624 473
16.9979 474
17.0334 475
17.0688 476
17.1043 477
17.1398 478
17.1753 479
17.2108 480
17.2463 481
17.2818 482
17.3172 483
17.3527 484
17.3882 485
17.4237 486
17.4592 487
17.4947 488
17.5302 489
17.5656 490
17.6011 491
17.6366 492
17.6721 493
17.7076 494
17.7431 495
17.7786 496
17.8141 497
17.8495 498
17.885 499
17.9205 500
17.956 501
17.9915 502
18.027 503
18.0625 504
18.0979 505
18.1334 506
18.1689 507
18.2044 508
18.2399 509
18.2754 510
18.3109 511
18.3463 512
18.3818 513
18.4173 514
18.4528 515
18.4883 516
18.5238 517
18.5593 518
18.5947 519
18.6302 520
18.6657 521
18.7012 522
18.7367 523
18.7722 524
18.8077 525
18.8432 526
18.8786 527
18.9141 528
18.9496 529
18.9851 530
19.0206 531
19.0561 532
19.0916 533
19.127 534
19.1625 535
19.198 536
19.2335 537
19.269 538
19.3045 539
19.34 540
19.3754 541
19.4109 542
19.4464 543
19.4819 544
19.5174 545
19.5529 546
19.5884 547
19.6238 548
19.6593 549
19.6948 550
19.7303 551
19.7658 552
19.8013 553
19.8368 554
19.8722 555
19.9077 556
19.9432 557
19.9787 558
20.0142 559
20.0497 560
20.0852 561
20.1207 562
20.1561 563
20.1916 564
20.2271 565
20.2626 566
20.2981 567
20.3336 568
20.3691 569
20.4045 570
20.44 571
20.4755 572
20.511 573
20.5465 574
20.582 575
20.6175 576
20.6529 577
20.6884 578
20.7239 579
20.7594 580
20.7949 581
20.8304 582
20.8659 583
20.9013 584
20.9368 585
20.9723 586
21.0078 587
21.0433 588
21.0788 589
21.1143 590
21.1498 591
21.1852 592
21.2207 593
21.2562 594
21.2917 595
21.3272 596
21.3627 597
21.3982 598
21.4336 599
21.4691 600
21.5046 601
21.5401 602
21.5756 603
21.6111 604
21.6466 605
21.682 606
21.7175 607
21.753 608
21.7885 609
21.824 610
21.8595 611
21.895 612
21.9304 613
21.9659 614
22.0014 615
22.0369 616
22.0724 617
22.1079 618
22.1434 619
22.1789 620
22.2143 621
22.2498 622
22.2853 623
22.3208 624
22.3563 625
22.3918 626
22.4273 627
22.4627 628
22.4982 629
22.5337 630
22.5692 631
22.6047 632
22.6402 633
22.6757 633
22.7111 634
22.7466 635
22.7821 636
22.8176 637
22.8531 638
22.8886 639
22.9241 640
22.9595 641
22.995 642
23.0305 643
23.066 644
23.1015 645
23.137 646
23.1725 647
23.2079 648
23.2434 649
23.2789 650
23.3144 651
23.3499 652
23.3854 653
23.4209 654
23.4564 655
23.4918 656
23.5273 657
23.5628 658
23.5983 659
23.6338 660
23.6693 660
23.7048 661
23.7402 662
23.7757 663
23.8112 664
23.8467 665
23.8822 666
23.9177 667
23.9532 668
23.9886 669
24.0241 670
24.0596 671
24.0951 672
24.1306 673
24.1661 674
24.2016 675
24.237 676
24.2725 677
24.308 678
24.3435 679
24.379 680
24.4145 681
24.45 682
24.4855 683
24.5209 684
24.5564 685
24.5919 686
24.6274 687
24.6629 688
24.6984 689
24.7339 690
24.7693 691
24.8048 692
24.8403 693
24.8758 694
24.9113 695
24.9468 696
24.9823 697
25.0177 698
25.0532 699
25.0887 700
25.1242 701
25.1597 702
25.1952 703
25.2307 704
25.2661 705
25.3016 706
25.3371 707
25.3726 708
25.4081 709
25.4436 710
25.4791 711
25.5145 712
25.55 713
25.5855 714
25.621 715
25.6565 716
25.692 717
25.7275 718
25.763 719
25.7984 720
25.8339 721
25.8694 722
25.9049 723
25.9404 724
25.9759 724
26.0114 725
26.0468 726
26.0823 727
26.1178 728
26.1533 729
26.1888 730
26.2243 731
26.2598 732
26.2952 733
26.3307 734
26.3662 735
26.4017 736
26.4372 737
26.4727 738
26.5082 739
26.5436 740
26.5791 741
26.6146 742
26.6501 743
26.6856 744
26.7211 745
26.7566 746
26.7921 747
26.8275 748
26.863 749
26.8985 750
26.934 751
26.9695 752
27.005 753
27.0405 754
27.0759 755
27.1114 755
27.1469 756
27.1824 757
27.2179 758
27.2534 759
27.2889 760
27.3243 761
27.3598 762
27.3953 763
27.4308 764
27.4663 764
27.5018 765
27.5373 765
27.5727 766
27.6082 766
27.6437 767
27.6792 767
27.7147 768
27.7502 769
27.7857 769
27.8211 770
27.8566 770
27.8921 771
27.9276 771
27.9631 772
27.9986 773
28.0341 773
28.0696 774
28.105 774
28.1405 775
28.176 775
28.2115 776
28.247 777
28.2825 778
28.318 778
28.3534 779
28.3889 780
28.4244 781
28.4599 782
28.4954 783
28.5309 784
28.5664 785
28.6018 786
28.6373 787
28.6728 788
28.7083 789
28.7438 789
28.7793 790
28.8148 791
28.8502 792
28.8857 793
28.9212 794
28.9567 795
28.9922 796
29.0277 797
29.0632 798
29.0987 799
29.1341 800
29.1696 801
29.2051 802
29.2406 802
29.2761 803
29.3116 804
29.3471 805
29.3825 806
29.418 807
29.4535 808
29.489 809
29.5245 810
29.56 811
29.5955 812
29.6309 813
29.6664 814
29.7019 815
29.7374 816
29.7729 817
29.8084 818
29.8439 819
29.8793 820
29.9148 821
29.9503 822
29.9858 823
30.0213 824
30.0568 825
30.0923 826
30.1278 827
30.1632 828
30.1987 829
30.2342 830
30.2697 831
30.3052 832
30.3407 833
30.3762 834
30.4116 835
30.4471 836
30.4826 837
30.5181 837
30.5536 838
30.5891 839
30.6246 840
30.66 841
30.6955 842
30.731 843
30.7665 844
30.802 845
30.8375 846
30.873 847
30.9084 848
30.9439 849
30.9794 850
31.0149 851
31.0504 852
31.0859 853
31.1214 854
31.1568 855
31.1923 856
31.2278 857
31.2633 858
31.2988 859
31.3343 860
31.3698 861
31.4053 862
31.4407 863
31.4762 864
31.5117 865
31.5472 866
31.5827 867
31.6182 868
31.6537 869
31.6891 870
31.7246 871
31.7601 872
31.7956 873
31.8311 874
31.8666 875
31.9021 876
31.9375 877
31.973 878
32.0085 879
32.044 880
32.0795 881
32.115 882
32.1505 883
32.1859 884
32.2214 884
32.2569 885
32.2924 886
32.3279 887
32.3634 888
32.3989 889
32.4344 890
32.4698 890
32.5053 891
32.5408 892
32.5763 893
32.6118 894
32.6473 895
32.6828 896
32.7182 897
32.7537 898
32.7892 899
32.8247 900
32.8602 901
32.8957 902
32.9312 902
32.9666 903
33.0021 904
33.0376 905
33.0731 906
33.1086 907
33.1441 908
33.1796 909
33.215 910
33.2505 911
33.286 912
33.3215 913
33.357 914
33.3925 915
33.428 916
33.4634 917
33.4989 918
33.5344 919
33.5699 920
33.6054 921
33.6409 922
33.6764 923
33.7119 924
33.7473 925
33.7828 926
33.8183 927
33.8538 928
33.8893 929
33.9248 930
33.9603 931
33.9957 932
34.0312 933
34.0667 934
34.1022 935
34.1377 935
34.1732 936
34.2087 937
34.2441 938
34.2796 939
34.3151 940
34.3506 941
34.3861 941
34.4216 942
34.4571 942
34.4925 943
34.528 944
34.5635 945
34.599 946
34.6345 947
34.67 948
34.7055 949
34.741 949
34.7764 950
34.8119 951
34.8474 952
34.8829 953
34.9184 954
34.9539 955
34.9894 956
35.0248 956
35.0603 957
35.0958 958
35.1313 958
35.1668 959
35.2023 960
35.2378 961
35.2732 962
35.3087 963
35.3442 964
35.3797 964
35.4152 965
35.4507 966
35.4862 967
35.5216 968
35.5571 969
35.5926 970
35.6281 971
35.6636 972
35.6991 973
35.7346 974
35.77 975
35.8055 975
35.841 976
35.8765 977
35.912 978
35.9475 979
35.983 980
36.0185 981
36.0539 982
36.0894 983
36.1249 984
36.1604 985
36.1959 986
36.2314 986
36.2669 987
36.3023 987
36.3378 988
36.3733 989
36.4088 990
36.4443 991
36.4798 991
36.5153 992
36.5507 993
36.5862 994
36.6217 995
36.6572 996
36.6927 997
36.7282 998
36.7637 999
36.7991 999
36.8346 1000
36.8701 1001
36.9056 1002
36.9411 1003
36.9766 1004
37.0121 1005
37.0476 1006
37.083 1007
37.1185 1008
37.154 1009
37.1895 1010
37.225 1011
37.2605 1012
37.296 1013
37.3314 1013
37.3669 1014
37.4024 1015
37.4379 1015
37.4734 1016
37.5089 1017
37.5444 1018
37.5798 1019
37.6153 1020
37.6508 1021
37.6863 1022
37.7218 1023
37.7573 1023
37.7928 1024
37.8282 1025
37.8637 1025
37.8992 1026
37.9347 1027
37.9702 1028
38.0057 1029
38.0412 1030
38.0767 1031
38.1121 1032
38.1476 1033
38.1831 1034
38.2186 1035
38.2541 1036
38.2896 1037
38.3251 1038
38.3605 1039
38.396 1040
38.4315 1041
38.467 1042
38.5025 1043
38.538 1044
38.5735 1045
38.6089 1046
38.6444 1047
38.6799 1048
38.7154 1049
38.7509 1050
38.7864 1051
38.8219 1052
38.8573 1053
38.8928 1054
38.9283 1055
38.9638 1056
38.9993 1057
39.0348 1057
39.0703 1058
39.1057 1059
39.1412 1059
39.1767 1060
39.2122 1061
39.2477 1062
39.2832 1063
39.3187 1064
39.3542 1065
39.3896 1066
39.4251 1067
39.4606 1068
39.4961 1069
39.5316 1069
39.5671 1070
39.6026 1071
39.638 1072
39.6735 1073
39.709 1073
39.7445 1074
39.78 1075
39.8155 1076
39.851 1077
39.8864 1078
39.9219 1079
39.9574 1080
39.9929 1081
40.0284 1082
40.0639 1083
40.0994 1084
40.1348 1084
40.1703 1085
40.2058 1085
40.2413 1086
40.2768 1086
40.3123 1087
40.3478 1087
40.3833 1088
40.4187 1089
40.4542 1089
40.4897 1090
40.5252 1091
40.5607 1092
40.5962 1093
40.6317 1094
40.6671 1095
40.7026 1096
40.7381 1097
40.7736 1098
40.8091 1098
40.8446 1099
40.8801 1100
40.9155 1101
40.951 1102
40.9865 1103
41.022 1104
41.0575 1105
41.093 1106
41.1285 1107
41.1639 1108
41.1994 1109
41.2349 1110
41.2704 1111
41.3059 1112
41.3414 1113
41.3769 1114
41.4123 1115
41.4478 1116
41.4833 1117
41.5188 1118
41.5543 1119
41.5898 1120
41.6253 1121
41.6608 1122
41.6962 1123
41.7317 1124
41.7672 1125
41.8027 1126
41.8382 1127
41.8737 1128
41.9092 1129
41.9446 1130
41.9801 1131
42.0156 1132
42.0511 1133
42.0866 1134
42.1221 1135
42.1576 1136
42.193 1137
42.2285 1138
42.264 1139
42.2995 1140
42.335 1141
42.3705 1142
42.406 1143
42.4414 1144
42.4769 1145
42.5124 1146
42.5479 1147
42.5834 1148
42.6189 1149
42.6544 1150
42.6899 1151
42.7253 1152
42.7608 1153
42.7963 1154
42.8318 1155
42.8673 1156
42.9028 1157
42.9383 1158
42.9737 1159
43.0092 1160
43.0447 1161
43.0802 1162
43.1157 1163
43.1512 1164
43.1867 1165
43.2221 1166
43.2576 1167
43.2931 1168
43.3286 1169
43.3641 1170
43.3996 1171
43.4351 1172
43.4705 1173
43.506 1174
43.5415 1175
43.577 1176
43.6125 1177
43.648 1178
43.6835 1179
43.7189 1180
43.7544 1181
43.7899 1182
43.8254 1183
43.8609 1184
43.8964 1185
43.9319 1186
43.9674 1187
44.0028 1188
44.0383 1189
44.0738 1190
44.1093 1191
44.1448 1192
44.1803 1192
44.2158 1193
44.2512 1194
44.2867 1195
44.3222 1196
44.3577 1197
44.3932 1198
44.4287 1198
44.4642 1199
44.4996 1200
44.5351 1201
44.5706 1202
44.6061 1203
44.6416 1203
44.6771 1204
44.7126 1205
44.748 1206
44.7835 1207
44.819 1207
44.8545 1208
44.89 1209
44.9255 1210
44.961 1211
44.9965 1212
45.0319 1213
45.0674 1214
45.1029 1215
45.1384 1216
45.1739 1217
45.2094 1218
45.2449 1219
45.2803 1220
45.3158 1221
45.3513 1222
45.3868 1223
45.4223 1224
45.4578 1225
45.4933 1226
45.5287 1227
45.5642 1228
45.5997 1229
45.6352 1230
45.6707 1231
45.7062 1232
45.7417 1233
45.7771 1233
45.8126 1234
45.8481 1235
45.8836 1236
45.9191 1237
45.9546 1238
45.9901 1239
46.0256 1240
46.061 1241
46.0965 1242
46.132 1243
46.1675 1244
46.203 1245
46.2385 1246
46.274 1247
46.3094 1247
46.3449 1248
46.3804 1249
46.4159 1250
46.4514 1251
46.4869 1252
46.5224 1253
46.5578 1254
46.5933 1254
46.6288 1255
46.6643 1256
46.6998 1257
46.7353 1258
46.7708 1259
46.8062 1260
46.8417 1261
46.8772 1262
46.9127 1263
46.9482 1264
46.9837 1265
47.0192 1266
47.0546 1267
47.0901 1268
47.1256 1269
47.1611 1270
47.1966 1271
47.2321 1272
47.2676 1273
47.3031 1274
47.3385 1275
47.374 1276
47.4095 1277
47.445 1278
47.4805 1279
47.516 1280
47.5515 1281
47.5869 1282
47.6224 1283
47.6579 1284
47.6934 1285
47.7289 1286
47.7644 1287
47.7999 1288
47.8353 1289
47.8708 1290
47.9063 1291
47.9418 1292
47.9773 1293
48.0128 1293
48.0483 1294
48.0837 1295
48.1192 1295
48.1547 1296
48.1902 1296
48.2257 1297
48.2612 1298
48.2967 1299
48.3322 1300
48.3676 1301
48.4031 1302
48.4386 1303
48.4741 1304
48.5096 1305
48.5451 1306
48.5806 1307
48.616 1307
48.6515 1308
48.687 1309
48.7225 1310
48.758 1311
48.7935 1312
48.829 1313
48.8644 1313
48.8999 1314
48.9354 1314
48.9709 1315
49.0064 1316
49.0419 1317
49.0774 1318
49.1128 1319
49.1483 1319
49.1838 1320
49.2193 1321
49.2548 1322
49.2903 1323
49.3258 1324
49.3612 1325
49.3967 1326
49.4322 1327
49.4677 1328
49.5032 1328
49.5387 1329
49.5742 1330
49.6097 1331
49.6451 1332
49.6806 1333
49.7161 1334
49.7516 1335
49.7871 1336
49.8226 1336
49.8581 1337
49.8935 1338
49.929 1339
49.9645 1340
50 1341
50.0355 1342
50.071 1342
50.1065 1343
50.1419 1343
50.1774 1344
50.2129 1345
50.2484 1346
50.2839 1347
50.3194 1347
50.3549 1348
50.3903 1349
50.4258 1350
50.4613 1351
50.4968 1352
50.5323 1353
50.5678 1354
50.6033 1355
50.6388 1356
50.6742 1357
50.7097 1358
50.7452 1359
50.7807 1360
50.8162 1361
50.8517 1362
50.8872 1363
50.9226 1364
50.9581 1365
50.9936 1366
51.0291 1367
51.0646 1368
51.1001 1369
51.1356 1370
51.171 1371
51.2065 1372
51.242 1373
51.2775 1374
51.313 1375
51.3485 1375
51.384 1376
51.4194 1377
51.4549 1378
51.4904 1379
51.5259 1380
51.5614 1381
51.5969 1381
51.6324 1382
51.6678 1383
51.7033 1384
51.7388 1385
51.7743 1386
51.8098 1387
51.8453 1388
51.8808 1389
51.9163 1390
51.9517 1391
51.9872 1392
52.0227 1393
52.0582 1394
52.0937 1395
52.1292 1396
52.1647 1397
52.2001 1398
52.2356 1399
52.2711 1400
52.3066 1401
52.3421 1402
52.3776 1403
52.4131 1404
52.4485 1405
52.484 1406
52.5195 1407
52.555 1408
52.5905 1409
52.626 1409
52.6615 1410
52.6969 1411
52.7324 1412
52.7679 1413
52.8034 1414
52.8389 1415
52.8744 1416
52.9099 1417
52.9454 1418
52.9808 1419
53.0163 1420
53.0518 1421
53.0873 1422
53.1228 1423
53.1583 1424
53.1938 1425
53.2292 1426
53.2647 1427
53.3002 1428
53.3357 1429
53.3712 1430
53.4067 1431
53.4422 1432
53.4776 1433
53.5131 1434
53.5486 1435
53.5841 1436
53.6196 1437
53.6551 1437
53.6906 1438
53.726 1439
53.7615 1440
53.797 1441
53.8325 1442
53.868 1443
53.9035 1444
53.939 1445
53.9744 1446
54.0099 1447
54.0454 1448
54.0809 1449
54.1164 1450
54.1519 1451
54.1874 1452
54.2229 1453
54.2583 1454
54.2938 1455
54.3293 1456
54.3648 1457
54.4003 1458
54.4358 1459
54.4713 1460
54.5067 1461
54.5422 1462
54.5777 1463
54.6132 1464
54.6487 1465
54.6842 1466
54.7197 1467
54.7551 1468
54.7906 1469
54.8261 1470
54.8616 1471
54.8971 1472
54.9326 1473
54.9681 1474
55.0035 1475
55.039 1476
55.0745 1477
55.11 1478
55.1455 1479
55.181 1480
55.2165 1481
55.252 1482
55.2874 1482
55.3229 1483
55.3584 1484
55.3939 1485
55.4294 1486
55.4649 1487
55.5004 1488
55.5358 1489
55.5713 1490
55.6068 1491
55.6423 1492
55.6778 1493
55.7133 1494
55.7488 1495
55.7842 1496
55.8197 1497
55.8552 1498
55.8907 1499
55.9262 1500
55.9617 1501
55.9972 1501
56.0326 1502
56.0681 1503
56.1036 1504
56.1391 1504
56.1746 1505
56.2101 1506
56.2456 1507
56.2811 1508
56.3165 1509
56.352 1510
56.3875 1511
56.423 1512
56.4585 1513
56.494 1514
56.5295 1515
56.5649 1515
56.6004 1516
56.6359 1516
56.6714 1517
56.7069 1517
56.7424 1518
56.7779 1518
56.8133 1519
56.8488 1519
56.8843 1520
56.9198 1521
56.9553 1522
56.9908 1523
57.0263 1524
57.0617 1525
57.0972 1526
57.1327 1527
57.1682 1528
57.2037 1529
57.2392 1530
57.2747 1531
57.3101 1532
57.3456 1533
57.3811 1534
57.4166 1535
57.4521 1536
57.4876 1537
57.5231 1538
57.5586 1539
57.594 1540
57.6295 1541
57.665 1542
57.7005 1543
57.736 1544
57.7715 1545
57.807 1546
57.8424 1547
57.8779 1548
57.9134 1549
57.9489 1550
57.9844 1551
58.0199 1552
58.0554 1553
58.0908 1554
58.1263 1555
58.1618 1556
58.1973 1557
58.2328 1558
58.2683 1559
58.3038 1560
58.3392 1561
58.3747 1562
58.4102 1563
58.4457 1564
58.4812 1564
58.5167 1565
58.5522 1565
58.5877 1566
58.6231 1567
58.6586 1568
58.6941 1569
58.7296 1570
58.7651 1571
58.8006 1572
58.8361 1573
58.8715 1574
58.907 1575
58.9425 1576
58.978 1577
59.0135 1578
59.049 1579
59.0845 1579
59.1199 1580
59.1554 1581
59.1909 1582
59.2264 1582
59.2619 1583
59.2974 1584
59.3329 1585
59.3683 1586
59.4038 1587
59.4393 1587
59.4748 1588
59.5103 1588
59.5458 1589
59.5813 1590
59.6167 1591
59.6522 1592
59.6877 1593
59.7232 1594
59.7587 1595
59.7942 1596
59.8297 1597
59.8652 1598
59.9006 1599
59.9361 1600
59.9716 1601
60.0071 1601
60.0426 1602
60.0781 1603
60.1136 1604
60.149 1605
60.1845 1606
60.22 1607
60.2555 1608
60.291 1609
60.3265 1610
60.362 1611
60.3974 1612
60.4329 1613
60.4684 1614
60.5039 1615
60.5394 1616
60.5749 1617
60.6104 1618
60.6458 1619
60.6813 1620
60.7168 1621
60.7523 1622
60.7878 1623
60.8233 1624
60.8588 1625
60.8943 1626
60.9297 1627
60.9652 1628
61.0007 1629
61.0362 1630
61.0717 1631
61.1072 1632
61.1427 1633
61.1781 1633
61.2136 1634
61.2491 1634
61.2846 1635
61.3201 1635
61.3556 1636
61.3911 1637
61.4265 1638
61.462 1639
61.4975 1640
61.533 1641
61.5685 1642
61.604 1643
61.6395 1644
61.6749 1645
61.7104 1646
61.7459 1647
61.7814 1648
61.8169 1649
61.8524 1650
61.8879 1651
61.9233 1652
61.9588 1653
61.9943 1654
62.0298 1655
62.0653 1656
62.1008 1657
62.1363 1658
62.1718 1659
62.2072 1659
62.2427 1660
62.2782 1661
62.3137 1662
62.3492 1663
62.3847 1664
62.4202 1665
62.4556 1666
62.4911 1667
62.5266 1668
62.5621 1669
62.5976 1670
62.6331 1671
62.6686 1672
62.704 1673
62.7395 1674
62.775 1675
62.8105 1676
62.846 1677
62.8815 1678
62.917 1679
62.9524 1680
62.9879 1681
63.0234 1682
63.0589 1683
63.0944 1684
63.1299 1685
63.1654 1686
63.2009 1687
63.2363 1688
63.2718 1689
63.3073 1690
63.3428 1691
63.3783 1692
63.4138 1693
63.4493 1694
63.4847 1694
63.5202 1695
63.5557 1696
63.5912 1697
63.6267 1698
63.6622 1699
63.6977 1700
63.7331 1701
63.7686 1702
63.8041 1703
63.8396 1704
63.8751 1705
63.9106 1706
63.9461 1707
63.9815 1708
64.017 1709
64.0525 1710
64.088 1711
64.1235 1712
64.159 1713
64.1945 1714
64.23 1715
64.2654 1716
64.3009 1717
64.3364 1718
64.3719 1719
64.4074 1720
64.4429 1721
64.4784 1722
64.5138 1723
64.5493 1724
64.5848 1724
64.6203 1725
64.6558 1725
64.6913 1726
64.7268 1726
64.7622 1727
64.7977 1728
64.8332 1729
64.8687 1730
64.9042 1731
64.9397 1732
64.9752 1733
65.0106 1734
65.0461 1735
65.0816 1736
65.1171 1737
65.1526 1738
65.1881 1739
65.2236 1740
65.259 1741
65.2945 1742
65.33 1743
65.3655 1744
65.401 1745
65.4365 1746
65.472 1747
65.5075 1747
65.5429 1748
65.5784 1748
65.6139 1749
65.6494 1749
65.6849 1750
65.7204 1750
65.7559 1751
65.7913 1752
65.8268 1753
65.8623 1754
65.8978 1755
65.9333 1756
65.9688 1757
66.0043 1758
66.0397 1759
66.0752 1760
66.1107 1761
66.1462 1762
66.1817 1763
66.2172 1764
66.2527 1765
66.2881 1766
66.3236 1767
66.3591 1768
66.3946 1769
66.4301 1770
66.4656 1771
66.5011 1772
66.5366 1773
66.572 1774
66.6075 1775
66.643 1776
66.6785 1777
66.714 1778
66.7495 1779
66.785 1780
66.8204 1781
66.8559 1782
66.8914 1783
66.9269 1784
66.9624 1785
66.9979 1786
67.0334 1787
67.0688 1788
67.1043 1789
67.1398 1790
67.1753 1791
67.2108 1792
67.2463 1793
67.2818 1794
67.3172 1795
67.3527 1796
67.3882 1797
67.4237 1798
67.4592 1799
67.4947 1800
67.5302 1801
67.5656 1802
67.6011 1803
67.6366 1804
67.6721 1805
67.7076 1806
67.7431 1807
67.7786 1808
67.8141 1808
67.8495 1809
67.885 1809
67.9205 1810
67.956 1811
67.9915 1812
68.027 1813
68.0625 1814
68.0979 1815
68.1334 1816
68.1689 1816
68.2044 1817
68.2399 1818
68.2754 1819
68.3109 1820
68.3463 1821
68.3818 1822
68.4173 1823
68.4528 1824
68.4883 1825
68.5238 1826
68.5593 1827
68.5947 1828
68.6302 1829
68.6657 1830
68.7012 1831
68.7367 1832
68.7722 1833
68.8077 1834
68.8432 1835
68.8786 1836
68.9141 1837
68.9496 1838
68.9851 1839
69.0206 1840
69.0561 1841
69.0916 1842
69.127 1843
69.1625 1844
69.198 1845
69.2335 1846
69.269 1847
69.3045 1848
69.34 1849
69.3754 1850
69.4109 1851
69.4464 1852
69.4819 1853
69.5174 1854
69.5529 1855
69.5884 1856
69.6238 1857
69.6593 1858
69.6948 1859
69.7303 1860
69.7658 1861
69.8013 1862
69.8368 1863
69.8722 1864
69.9077 1865
69.9432 1866
69.9787 1867
70.0142 1868
70.0497 1869
70.0852 1870
70.1207 1871
70.1561 1872
70.1916 1873
70.2271 1874
70.2626 1875
70.2981 1876
70.3336 1877
70.3691 1878
70.4045 1879
70.44 1880
70.4755 1881
70.511 1882
70.5465 1883
70.582 1884
70.6175 1885
70.6529 1886
70.6884 1887
70.7239 1888
70.7594 1889
70.7949 1890
70.8304 1891
70.8659 1892
70.9013 1893
70.9368 1894
70.9723 1895
71.0078 1896
71.0433 1897
71.0788 1898
71.1143 1899
71.1498 1900
71.1852 1901
71.2207 1902
71.2562 1903
71.2917 1904
71.3272 1905
71.3627 1906
71.3982 1907
71.4336 1908
71.4691 1909
71.5046 1910
71.5401 1911
71.5756 1912
71.6111 1913
71.6466 1914
71.682 1915
71.7175 1916
71.753 1917
71.7885 1918
71.824 1919
71.8595 1920
71.895 1921
71.9304 1922
71.9659 1923
72.0014 1924
72.0369 1925
72.0724 1926
72.1079 1927
72.1434 1928
72.1789 1929
72.2143 1930
72.2498 1931
72.2853 1932
72.3208 1933
72.3563 1934
72.3918 1935
72.4273 1936
72.4627 1937
72.4982 1938
72.5337 1939
72.5692 1940
72.6047 1941
72.6402 1942
72.6757 1943
72.7111 1944
72.7466 1945
72.7821 1946
72.8176 1947
72.8531 1948
72.8886 1949
72.9241 1950
72.9595 1951
72.995 1952
73.0305 1953
73.066 1954
73.1015 1955
73.137 1956
73.1725 1957
73.2079 1958
73.2434 1959
73.2789 1960
73.3144 1961
73.3499 1962
73.3854 1963
73.4209 1964
73.4564 1965
73.4918 1966
73.5273 1967
73.5628 1968
73.5983 1969
73.6338 1970
73.6693 1971
73.7048 1972
73.7402 1973
73.7757 1974
73.8112 1975
73.8467 1976
73.8822 1977
73.9177 1978
73.9532 1979
73.9886 1980
74.0241 1981
74.0596 1982
74.0951 1983
74.1306 1984
74.1661 1985
74.2016 1986
74.237 1987
74.2725 1988
74.308 1989
74.3435 1990
74.379 1991
74.4145 1992
74.45 1993
74.4855 1994
74.5209 1995
74.5564 1996
74.5919 1997
74.6274 1998
74.6629 1999
74.6984 2000
74.7339 2001
74.7693 2002
74.8048 2003
74.8403 2004
74.8758 2005
74.9113 2006
74.9468 2007
74.9823 2008
75.0177 2009
75.0532 2010
75.0887 2011
75.1242 2012
75.1597 2013
75.1952 2014
75.2307 2015
75.2661 2016
75.3016 2017
75.3371 2018
75.3726 2019
75.4081 2020
75.4436 2021
75.4791 2022
75.5145 2023
75.55 2024
75.5855 2025
75.621 2026
75.6565 2027
75.692 2028
75.7275 2029
75.763 2030
75.7984 2031
75.8339 2032
75.8694 2033
75.9049 2034
75.9404 2035
75.9759 2036
76.0114 2037
76.0468 2038
76.0823 2039
76.1178 2040
76.1533 2041
76.1888 2042
76.2243 2043
76.2598 2044
76.2952 2045
76.3307 2046
76.3662 2047
76.4017 2048
76.4372 2049
76.4727 2050
76.5082 2051
76.5436 2052
76.5791 2053
76.6146 2054
76.6501 2055
76.6856 2056
76.7211 2057
76.7566 2058
76.7921 2059
76.8275 2060
76.863 2061
76.8985 2062
76.934 2063
76.9695 2064
77.005 2065
77.0405 2066
77.0759 2067
77.1114 2068
77.1469 2069
77.1824 2070
77.2179 2071
77.2534 2072
77.2889 2073
77.3243 2074
77.3598 2075
77.3953 2076
77.4308 2077
77.4663 2078
77.5018 2079
77.5373 2080
77.5727 2081
77.6082 2082
77.6437 2083
77.6792 2084
77.7147 2085
77.7502 2086
77.7857 2087
77.8211 2088
77.8566 2089
77.8921 2090
77.9276 2091
77.9631 2092
77.9986 2093
78.0341 2094
78.0696 2095
78.105 2096
78.1405 2097
78.176 2098
78.2115 2099
78.247 2100
78.2825 2101
78.318 2102
78.3534 2103
78.3889 2104
78.4244 2105
78.4599 2106
78.4954 2107
78.5309 2108
78.5664 2109
78.6018 2110
78.6373 2111
78.6728 2112
78.7083 2113
78.7438 2114
78.7793 2115
78.8148 2116
78.8502 2117
78.8857 2118
78.9212 2119
78.9567 2120
78.9922 2121
79.0277 2122
79.0632 2123
79.0987 2124
79.1341 2125
79.1696 2126
79.2051 2127
79.2406 2128
79.2761 2129
79.3116 2130
79.3471 2131
79.3825 2132
79.418 2133
79.4535 2134
79.489 2135
79.5245 2136
79.56 2137
79.5955 2138
79.6309 2139
79.6664 2140
79.7019 2141
79.7374 2142
79.7729 2143
79.8084 2144
79.8439 2145
79.8793 2146
79.9148 2147
79.9503 2148
79.9858 2149
80.0213 2150
80.0568 2151
80.0923 2152
80.1278 2153
80.1632 2154
80.1987 2155
80.2342 2156
80.2697 2157
80.3052 2158
80.3407 2159
80.3762 2160
80.4116 2161
80.4471 2162
80.4826 2163
80.5181 2164
80.5536 2165
80.5891 2166
80.6246 2167
80.66 2168
80.6955 2169
80.731 2170
80.7665 2171
80.802 2172
80.8375 2173
80.873 2174
80.9084 2175
80.9439 2176
80.9794 2177
81.0149 2178
81.0504 2179
81.0859 2180
81.1214 2181
81.1568 2182
81.1923 2183
81.2278 2184
81.2633 2185
81.2988 2186
81.3343 2187
81.3698 2188
81.4053 2189
81.4407 2190
81.4762 2191
81.5117 2192
81.5472 2193
81.5827 2194
81.6182 2195
81.6537 2196
81.6891 2197
81.7246 2198
81.7601 2199
81.7956 2200
81.8311 2201
81.8666 2202
81.9021 2203
81.9375 2204
81.973 2205
82.0085 2206
82.044 2207
82.0795 2208
82.115 2209
82.1505 2210
82.1859 2211
82.2214 2212
82.2569 2213
82.2924 2214
82.3279 2215
82.3634 2216
82.3989 2217
82.4344 2218
82.4698 2219
82.5053 2220
82.5408 2221
82.5763 2222
82.6118 2223
82.6473 2224
82.6828 2225
82.7182 2226
82.7537 2227
82.7892 2228
82.8247 2229
82.8602 2230
82.8957 2231
82.9312 2232
82.9666 2233
83.0021 2234
83.0376 2235
83.0731 2236
83.1086 2237
83.1441 2238
83.1796 2239
83.215 2240
83.2505 2241
83.286 2242
83.3215 2243
83.357 2244
83.3925 2245
83.428 2246
83.4634 2247
83.4989 2248
83.5344 2249
83.5699 2250
83.6054 2251
83.6409 2252
83.6764 2253
83.7119 2254
83.7473 2255
83.7828 2256
83.8183 2257
83.8538 2258
83.8893 2259
83.9248 2260
83.9603 2261
83.9957 2262
84.0312 2263
84.0667 2264
84.1022 2264
84.1377 2265
84.1732 2266
84.2087 2267
84.2441 2268
84.2796 2269
84.3151 2270
84.3506 2271
84.3861 2272
84.4216 2273
84.4571 2274
84.4925 2275
84.528 2276
84.5635 2277
84.599 2278
84.6345 2279
84.67 2280
84.7055 2281
84.741 2282
84.7764 2283
84.8119 2284
84.8474 2285
84.8829 2286
84.9184 2287
84.9539 2288
84.9894 2289
85.0248 2290
85.0603 2291
85.0958 2292
85.1313 2293
85.1668 2294
85.2023 2295
85.2378 2296
85.2732 2297
85.3087 2298
85.3442 2299
85.3797 2300
85.4152 2301
85.4507 2302
85.4862 2303
85.5216 2304
85.5571 2305
85.5926 2306
85.6281 2307
85.6636 2308
85.6991 2309
85.7346 2310
85.77 2311
85.8055 2312
85.841 2313
85.8765 2314
85.912 2315
85.9475 2316
85.983 2317
86.0185 2318
86.0539 2319
86.0894 2320
86.1249 2321
86.1604 2322
86.1959 2323
86.2314 2324
86.2669 2325
86.3023 2326
86.3378 2327
86.3733 2328
86.4088 2329
86.4443 2330
86.4798 2331
86.5153 2332
86.5507 2333
86.5862 2334
86.6217 2335
86.6572 2336
86.6927 2337
86.7282 2338
86.7637 2339
86.7991 2340
86.8346 2341
86.8701 2342
86.9056 2343
86.9411 2344
86.9766 2345
87.0121 2346
87.0476 2347
87.083 2348
87.1185 2349
87.154 2350
87.1895 2351
87.225 2352
87.2605 2353
87.296 2354
87.3314 2355
87.3669 2356
87.4024 2357
87.4379 2358
87.4734 2359
87.5089 2360
87.5444 2361
87.5798 2362
87.6153 2363
87.6508 2364
87.6863 2365
87.7218 2366
87.7573 2367
87.7928 2368
87.8282 2369
87.8637 2370
87.8992 2371
87.9347 2372
87.9702 2373
88.0057 2374
88.0412 2375
88.0767 2376
88.1121 2377
88.1476 2378
88.1831 2379
88.2186 2380
88.2541 2381
88.2896 2382
88.3251 2383
88.3605 2384
88.396 2385
88.4315 2386
88.467 2387
88.5025 2388
88.538 2389
88.5735 2390
88.6089 2391
88.6444 2392
88.6799 2393
88.7154 2394
88.7509 2395
88.7864 2396
88.8219 2397
88.8573 2398
88.8928 2399
88.9283 2400
88.9638 2401
88.9993 2402
89.0348 2403
89.0703 2404
89.1057 2405
89.1412 2406
89.1767 2407
89.2122 2408
89.2477 2409
89.2832 2410
89.3187 2411
89.3542 2412
89.3896 2413
89.4251 2414
89.4606 2415
89.4961 2416
89.5316 2417
89.5671 2418
89.6026 2419
89.638 2420
89.6735 2421
89.709 2422
89.7445 2423
89.78 2424
89.8155 2425
89.851 2426
89.8864 2427
89.9219 2428
89.9574 2429
89.9929 2430
90.0284 2431
90.0639 2432
90.0994 2433
90.1348 2434
90.1703 2435
90.2058 2436
90.2413 2437
90.2768 2438
90.3123 2439
90.3478 2440
90.3833 2441
90.4187 2442
90.4542 2443
90.4897 2444
90.5252 2445
90.5607 2446
90.5962 2447
90.6317 2448
90.6671 2449
90.7026 2450
90.7381 2451
90.7736 2452
90.8091 2453
90.8446 2454
90.8801 2455
90.9155 2456
90.951 2457
90.9865 2458
91.022 2459
91.0575 2460
91.093 2461
91.1285 2462
91.1639 2463
91.1994 2464
91.2349 2465
91.2704 2466
91.3059 2467
91.3414 2468
91.3769 2469
91.4123 2470
91.4478 2471
91.4833 2472
91.5188 2473
91.5543 2474
91.5898 2475
91.6253 2476
91.6608 2477
91.6962 2478
91.7317 2479
91.7672 2480
91.8027 2481
91.8382 2482
91.8737 2483
91.9092 2484
91.9446 2485
91.9801 2486
92.0156 2487
92.0511 2488
92.0866 2489
92.1221 2490
92.1576 2491
92.193 2492
92.2285 2493
92.264 2494
92.2995 2495
92.335 2496
92.3705 2497
92.406 2498
92.4414 2499
92.4769 2500
92.5124 2501
92.5479 2502
