0.0314268 2
0.0628536 3
0.0942803 4
0.125707 5
0.157134 6
0.188561 7
0.219987 8
0.251414 9
0.282841 10
0.314268 11
0.345695 12
0.377121 13
0.408548 14
0.439975 15
0.471402 16
0.502828 17
0.534255 18
0.565682 19
0.597109 20
0.628536 21
0.659962 22
0.691389 23
0.722816 24
0.754243 25
0.785669 26
0.817096 27
0.848523 28
0.87995 29
0.911376 30
0.942803 31
0.97423 32
1.00566 32
1.03708 33
1.06851 34
1.09994 35
1.13136 36
1.16279 37
1.19422 38
1.22564 39
1.25707 40
1.2885 41
1.31992 42
1.35135 43
1.38278 44
1.4142 45
1.44563 46
1.47706 47
1.50849 48
1.53991 49
1.57134 50
1.60277 51
1.63419 52
1.66562 53
1.69705 54
1.72847 55
1.7599 56
1.79133 57
1.82275 58
1.85418 59
1.88561 60
1.91703 61
1.94846 62
1.97989 63
2.01131 64
2.04274 65
2.07417 66
2.10559 67
2.13702 68
2.16845 69
2.19987 70
2.2313 71
2.26273 72
2.29415 73
2.32558 74
2.35701 75
2.38843 76
2.41986 77
2.45129 78
2.48272 79
2.51414 80
2.54557 81
2.577 82
2.60842 83
2.63985 84
2.67128 85
2.7027 86
2.73413 87
2.76556 88
2.79698 89
2.82841 90
2.85984 91
2.89126 92
2.92269 93
2.95412 94
2.98554 95
3.01697 96
3.0484 97
3.07982 98
3.11125 99
3.14268 100
3.1741 101
3.20553 102
3.23696 103
3.26838 104
3.29981 105
3.33124 106
3.36266 107
3.39409 108
3.42552 109
3.45695 110
3.48837 111
3.5198 112
3.55123 113
3.58265 114
3.61408 115
3.64551 116
3.67693 117
3.70836 118
3.73979 119
3.77121 120
3.80264 121
3.83407 122
3.86549 123
3.89692 124
3.92835 125
3.95977 126
3.9912 127
4.02263 127
4.05405 128
4.08548 129
4.11691 130
4.14833 131
4.17976 132
4.21119 132
4.24261 133
4.27404 133
4.30547 134
4.3369 135
4.36832 136
4.39975 136
4.43118 137
4.4626 138
4.49403 139
4.52546 140
4.55688 140
4.58831 141
4.61974 142
4.65116 143
4.68259 144
4.71402 145
4.74544 146
4.77687 147
4.8083 148
4.83972 149
4.87115 150
4.90258 151
4.934 152
4.96543 153
4.99686 154
5.02828 155
5.05971 156
5.09114 157
5.12256 158
5.15399 159
5.18542 160
5.21684 161
5.24827 162
5.2797 163
5.31113 164
5.34255 165
5.37398 166
5.40541 167
5.43683 168
5.46826 169
5.49969 170
5.53111 171
5.56254 172
5.59397 173
5.62539 174
5.65682 175
5.68825 176
5.71967 177
5.7511 178
5.78253 179
5.81395 180
5.84538 181
5.87681 182
5.90823 183
5.93966 184
5.97109 185
6.00251 186
6.03394 187
6.06537 188
6.09679 189
6.12822 190
6.15965 191
6.19107 192
6.2225 193
6.25393 194
6.28536 195
6.31678 196
6.34821 197
6.37964 198
6.41106 199
6.44249 200
6.47392 201
6.50534 202
6.53677 203
6.5682 204
6.59962 205
6.63105 206
6.66248 207
6.6939 208
6.72533 209
6.75676 210
6.78818 211
6.81961 212
6.85104 213
6.88246 214
6.91389 215
6.94532 216
6.97674 217
7.00817 218
7.0396 219
7.07102 220
7.10245 221
7.13388 222
7.1653 223
7.19673 224
7.22816 225
7.25959 226
7.29101 227
7.32244 228
7.35387 229
7.38529 230
7.41672 231
7.44815 232
7.47957 233
7.511 234
7.54243 235
7.57385 236
7.60528 237
7.63671 238
7.66813 239
7.69956 240
7.73099 241
7.76241 242
7.79384 243
7.82527 244
7.85669 245
7.88812 246
7.91955 247
7.95097 248
7.9824 249
8.01383 250
8.04525 251
8.07668 252
8.10811 253
8.13953 254
8.17096 255
8.20239 256
8.23382 257
8.26524 258
8.29667 259
8.3281 260
8.35952 261
8.39095 262
8.42238 263
8.4538 264
8.48523 265
8.51666 266
8.54808 267
8.57951 268
8.61094 269
8.64236 270
8.67379 271
8.70522 272
8.73664 273
8.76807 274
8.7995 275
8.83092 276
8.86235 277
8.89378 278
8.9252 279
8.95663 280
8.98806 281
9.01948 282
9.05091 283
9.08234 284
9.11376 285
9.14519 286
9.17662 287
9.20805 288
9.23947 289
9.2709 290
9.30233 291
9.33375 292
9.36518 293
9.39661 294
9.42803 295
9.45946 296
9.49089 297
9.52231 298
9.55374 299
9.58517 300
9.61659 301
9.64802 302
9.67945 303
9.71087 304
9.7423 305
9.77373 306
9.80515 307
9.83658 308
9.86801 309
9.89943 310
9.93086 311
9.96229 312
9.99371 313
10.0251 314
10.0566 315
10.088 316
10.1194 317
10.1508 318
10.1823 319
10.2137 320
10.2451 321
10.2766 322
10.308 323
10.3394 324
10.3708 325
10.4023 326
10.4337 327
10.4651 328
10.4965 329
10.528 330
10.5594 331
10.5908 332
10.6223 333
10.6537 334
10.6851 335
10.7165 336
10.748 337
10.7794 338
10.8108 339
10.8422 340
10.8737 341
10.9051 342
10.9365 343
10.9679 344
10.9994 345
11.0308 346
11.0622 347
11.0937 348
11.1251 349
11.1565 350
11.1879 351
11.2194 352
11.2508 353
11.2822 354
11.3136 355
11.3451 356
11.3765 357
11.4079 358
11.4393 359
11.4708 360
11.5022 361
11.5336 362
11.5651 363
11.5965 364
11.6279 365
11.6593 366
11.6908 367
11.7222 368
11.7536 369
11.785 370
11.8165 371
11.8479 372
11.8793 373
11.9107 374
11.9422 375
11.9736 376
12.005 377
12.0365 378
12.0679 379
12.0993 380
12.1307 381
12.1622 382
12.1936 383
12.225 384
12.2564 385
12.2879 386
12.3193 387
12.3507 388
12.3821 389
12.4136 390
12.445 391
12.4764 392
12.5079 393
12.5393 394
12.5707 395
12.6021 396
12.6336 397
12.665 398
12.6964 399
12.7278 400
12.7593 401
12.7907 402
12.8221 403
12.8536 404
12.885 405
12.9164 406
12.9478 407
12.9793 408
13.0107 409
13.0421 410
13.0735 411
13.105 412
13.1364 413
13.1678 414
13.1992 415
13.2307 416
13.2621 417
13.2935 418
13.325 419
13.3564 420
13.3878 421
13.4192 422
13.4507 423
13.4821 424
13.5135 425
13.5449 426
13.5764 427
13.6078 428
13.6392 429
13.6706 430
13.7021 431
13.7335 432
13.7649 433
13.7964 434
13.8278 435
13.8592 436
13.8906 437
13.9221 438
13.9535 439
13.9849 440
14.0163 441
14.0478 442
14.0792 443
14.1106 444
14.142 445
14.1735 446
14.2049 447
14.2363 448
14.2678 449
14.2992 450
14.3306 451
14.362 452
14.3935 453
14.4249 454
14.4563 455
14.4877 456
14.5192 457
14.5506 458
14.582 459
14.6135 460
14.6449 461
14.6763 462
14.7077 463
14.7392 464
14.7706 465
14.802 466
14.8334 467
14.8649 468
14.8963 469
14.9277 470
14.9591 471
14.9906 472
15.022 473
15.0534 474
15.0849 475
15.1163 476
15.1477 477
15.1791 478
15.2106 479
15.242 480
15.2734 481
15.3048 482
15.3363 483
15.3677 484
15.3991 485
15.4305 486
15.462 487
15.4934 488
15.5248 489
15.5563 490
15.5877 491
15.6191 492
15.6505 493
15.682 494
15.7134 495
15.7448 496
15.7762 497
15.8077 498
15.8391 499
15.8705 500
15.9019 501
15.9334 502
15.9648 503
15.9962 504
16.0277 505
16.0591 506
16.0905 507
16.1219 508
16.1534 509
16.1848 510
16.2162 511
16.2476 512
16.2791 513
16.3105 514
16.3419 515
16.3734 516
16.4048 517
16.4362 518
16.4676 519
16.4991 520
16.5305 521
16.5619 522
16.5933 523
16.6248 524
16.6562 525
16.6876 526
16.719 527
16.7505 528
16.7819 529
16.8133 530
16.8448 531
16.8762 532
16.9076 533
16.939 534
16.9705 535
17.0019 536
17.0333 537
17.0647 538
17.0962 539
17.1276 540
17.159 541
17.1904 542
17.2219 543
17.2533 544
17.2847 545
17.3162 546
17.3476 547
17.379 548
17.4104 549
17.4419 550
17.4733 551
17.5047 552
17.5361 553
17.5676 554
17.599 555
17.6304 556
17.6618 557
17.6933 558
17.7247 559
17.7561 560
17.7876 561
17.819 562
17.8504 563
17.8818 564
17.9133 565
17.9447 566
17.9761 567
18.0075 568
18.039 569
18.0704 570
18.1018 571
18.1332 572
18.1647 573
18.1961 574
18.2275 575
18.259 576
18.2904 577
18.3218 578
18.3532 579
18.3847 580
18.4161 581
18.4475 582
18.4789 583
18.5104 584
18.5418 585
18.5732 586
18.6047 587
18.6361 588
18.6675 589
18.6989 590
18.7304 591
18.7618 592
18.7932 593
18.8246 594
18.8561 595
18.8875 596
18.9189 597
18.9503 598
18.9818 599
19.0132 600
19.0446 601
19.0761 602
19.1075 603
19.1389 604
19.1703 605
19.2018 606
19.2332 607
19.2646 608
19.296 609
19.3275 610
19.3589 611
19.3903 612
19.4217 613
19.4532 614
19.4846 615
19.516 616
19.5475 617
19.5789 618
19.6103 619
19.6417 620
19.6732 621
19.7046 622
19.736 623
19.7674 624
19.7989 625
19.8303 626
19.8617 627
19.8931 628
19.9246 629
19.956 630
19.9874 631
20.0189 632
20.0503 633
20.0817 633
20.1131 634
20.1446 635
20.176 636
20.2074 637
20.2388 638
20.2703 639
20.3017 640
20.3331 641
20.3646 642
20.396 643
20.4274 644
20.4588 645
20.4903 646
20.5217 647
20.5531 648
20.5845 649
20.616 650
20.6474 651
20.6788 652
20.7102 653
20.7417 654
20.7731 655
20.8045 656
20.836 657
20.8674 658
20.8988 659
20.9302 660
20.9617 660
20.9931 661
21.0245 662
21.0559 663
21.0874 664
21.1188 665
21.1502 666
21.1816 667
21.2131 668
21.2445 669
21.2759 670
21.3074 671
21.3388 672
21.3702 673
21.4016 674
21.4331 675
21.4645 676
21.4959 677
21.5273 678
21.5588 679
21.5902 680
21.6216 681
21.653 682
21.6845 683
21.7159 684
21.7473 685
21.7788 686
21.8102 687
21.8416 688
21.873 689
21.9045 690
21.9359 691
21.9673 692
21.9987 693
22.0302 694
22.0616 695
22.093 696
22.1245 697
22.1559 698
22.1873 699
22.2187 700
22.2502 701
22.2816 702
22.313 703
22.3444 704
22.3759 705
22.4073 706
22.4387 707
22.4701 708
