0.0319795 2
0.0639591 3
0.0959386 4
0.127918 5
0.159898 6
0.191877 7
0.223857 8
0.255836 9
0.287816 10
0.319795 11
0.351775 12
0.383754 13
0.415734 14
0.447713 15
0.479693 16
0.511673 17
0.543652 18
0.575632 19
0.607611 20
0.639591 21
0.67157 22
0.70355 23
0.735529 24
0.767509 25
0.799488 26
0.831468 27
0.863447 28
0.895427 29
0.927406 30
0.959386 31
0.991366 32
1.02335 32
1.05532 33
1.0873 34
1.11928 35
1.15126 36
1.18324 37
1.21522 38
1.2472 39
1.27918 40
1.31116 41
1.34314 42
1.37512 43
1.4071 44
1.43908 45
1.47106 46
1.50304 47
1.53502 48
1.567 49
1.59898 50
1.63096 51
1.66294 52
1.69492 53
1.72689 54
1.75887 55
1.79085 56
1.82283 57
1.85481 58
1.88679 59
1.91877 60
1.95075 61
1.98273 62
2.01471 63
2.04669 64
2.07867 65
2.11065 66
2.14263 67
2.17461 68
2.20659 69
2.23857 70
2.27055 71
2.30253 72
2.33451 73
2.36649 74
2.39846 75
2.43044 76
2.46242 77
2.4944 78
2.52638 79
2.55836 80
2.59034 81
2.62232 82
2.6543 83
2.68628 84
2.71826 85
2.75024 86
2.78222 87
2.8142 88
2.84618 89
2.87816 90
2.91014 91
2.94212 92
2.9741 93
3.00608 94
3.03806 95
3.07004 96
3.10201 97
3.13399 98
3.16597 99
3.19795 100
3.22993 101
3.26191 102
3.29389 103
3.32587 104
3.35785 105
3.38983 106
3.42181 107
3.45379 108
3.48577 109
3.51775 110
3.54973 111
3.58171 112
3.61369 113
3.64567 114
3.67765 115
3.70963 116
3.74161 117
3.77358 118
3.80556 119
3.83754 120
3.86952 121
3.9015 122
3.93348 123
3.96546 124
3.99744 125
4.02942 126
4.0614 127
4.09338 127
4.12536 128
4.15734 129
4.18932 130
4.2213 131
4.25328 132
4.28526 132
4.31724 133
4.34922 133
4.3812 134
4.41318 135
4.44516 136
4.47713 136
4.50911 137
4.54109 138
4.57307 139
4.60505 140
4.63703 140
4.66901 141
4.70099 142
4.73297 143
4.76495 144
4.79693 145
4.82891 146
4.86089 147
4.89287 148
4.92485 149
4.95683 150
4.98881 151
5.02079 152
5.05277 153
5.08475 154
5.11673 155
5.1487 156
5.18068 157
5.21266 158
5.24464 159
5.27662 160
5.3086 161
5.34058 162
5.37256 163
5.40454 164
5.43652 165
5.4685 166
5.50048 167
5.53246 168
5.56444 169
5.59642 170
5.6284 171
5.66038 172
5.69236 173
5.72434 174
5.75632 175
5.7883 176
5.82028 177
5.85225 178
5.88423 179
5.91621 180
5.94819 181
5.98017 182
6.01215 183
6.04413 184
6.07611 185
6.10809 186
6.14007 187
6.17205 188
6.20403 189
6.23601 190
6.26799 191
6.29997 192
6.33195 193
6.36393 194
6.39591 195
6.42789 196
6.45987 197
6.49185 198
6.52382 199
6.5558 200
6.58778 201
6.61976 202
6.65174 203
6.68372 204
6.7157 205
6.74768 206
6.77966 207
6.81164 208
6.84362 209
6.8756 210
6.90758 211
6.93956 212
6.97154 213
7.00352 214
7.0355 215
7.06748 216
7.09946 217
7.13144 218
7.16342 219
7.19539 220
7.22737 221
7.25935 222
7.29133 223
7.32331 224
7.35529 225
7.38727 226
7.41925 227
7.45123 228
7.48321 229
7.51519 230
7.54717 231
7.57915 232
7.61113 233
7.64311 234
7.67509 235
7.70707 236
7.73905 237
7.77103 238
7.80301 239
7.83499 240
7.86697 241
7.89894 242
7.93092 243
7.9629 244
7.99488 245
8.02686 246
8.05884 247
8.09082 248
8.1228 249
8.15478 250
8.18676 251
8.21874 252
8.25072 253
8.2827 254
8.31468 255
8.34666 256
8.37864 257
8.41062 258
8.4426 259
8.47458 260
8.50656 261
8.53854 262
8.57051 263
8.60249 264
8.63447 265
8.66645 266
8.69843 267
8.73041 268
8.76239 269
8.79437 270
8.82635 271
8.85833 272
8.89031 273
8.92229 274
8.95427 275
8.98625 276
9.01823 277
9.05021 278
9.08219 279
9.11417 280
9.14615 281
9.17813 282
9.21011 283
9.24209 284
9.27406 285
9.30604 286
9.33802 287
9.37 288
9.40198 289
9.43396 290
9.46594 291
9.49792 292
9.5299 293
9.56188 294
9.59386 295
9.62584 296
9.65782 297
9.6898 298
9.72178 299
9.75376 300
9.78574 301
9.81772 302
9.8497 303
9.88168 304
9.91366 305
9.94563 306
9.97761 307
10.0096 308
10.0416 309
10.0736 310
10.1055 311
10.1375 312
10.1695 313
10.2015 314
10.2335 315
10.2654 316
10.2974 317
10.3294 318
10.3614 319
10.3933 320
10.4253 321
10.4573 322
10.4893 323
10.5213 324
10.5532 325
10.5852 326
10.6172 327
10.6492 328
10.6812 329
10.7131 330
10.7451 331
10.7771 332
10.8091 333
10.8411 334
10.873 335
10.905 336
10.937 337
10.969 338
11.001 339
11.0329 340
11.0649 341
11.0969 342
11.1289 343
11.1609 344
11.1928 345
11.2248 346
11.2568 347
11.2888 348
11.3208 349
11.3527 350
11.3847 351
11.4167 352
11.4487 353
11.4807 354
11.5126 355
11.5446 356
11.5766 357
11.6086 358
11.6406 359
11.6725 360
11.7045 361
11.7365 362
11.7685 363
11.8004 364
11.8324 365
11.8644 366
11.8964 367
11.9284 368
11.9603 369
11.9923 370
12.0243 371
12.0563 372
12.0883 373
12.1202 374
12.1522 375
12.1842 376
12.2162 377
12.2482 378
12.2801 379
12.3121 380
12.3441 381
12.3761 382
12.4081 383
12.44 384
12.472 385
12.504 386
12.536 387
12.568 388
12.5999 389
12.6319 390
12.6639 391
12.6959 392
12.7279 393
12.7598 394
12.7918 395
12.8238 396
12.8558 397
12.8878 398
12.9197 399
12.9517 400
12.9837 401
13.0157 402
13.0476 403
13.0796 404
13.1116 405
13.1436 406
13.1756 407
13.2075 408
13.2395 409
13.2715 410
13.3035 411
13.3355 412
13.3674 413
13.3994 414
13.4314 415
13.4634 416
13.4954 417
13.5273 418
13.5593 419
13.5913 420
13.6233 421
13.6553 422
13.6872 423
13.7192 424
13.7512 425
13.7832 426
13.8152 427
13.8471 428
13.8791 429
13.9111 430
13.9431 431
13.9751 432
14.007 433
14.039 434
14.071 435
14.103 436
14.135 437
14.1669 438
14.1989 439
14.2309 440
14.2629 441
14.2949 442
14.3268 443
14.3588 444
14.3908 445
14.4228 446
14.4547 447
14.4867 448
14.5187 449
14.5507 450
14.5827 451
14.6146 452
14.6466 453
14.6786 454
14.7106 455
14.7426 456
14.7745 457
14.8065 458
14.8385 459
14.8705 460
14.9025 461
14.9344 462
14.9664 463
14.9984 464
15.0304 465
15.0624 466
15.0943 467
15.1263 468
15.1583 469
15.1903 470
15.2223 471
15.2542 472
15.2862 473
15.3182 474
15.3502 475
15.3822 476
15.4141 477
15.4461 478
15.4781 479
15.5101 480
15.5421 481
15.574 482
15.606 483
15.638 484
15.67 485
15.702 486
15.7339 487
15.7659 488
15.7979 489
15.8299 490
15.8618 491
15.8938 492
15.9258 493
15.9578 494
15.9898 495
16.0217 496
16.0537 497
16.0857 498
16.1177 499
16.1497 500
16.1816 501
16.2136 502
16.2456 503
16.2776 504
16.3096 505
16.3415 506
16.3735 507
16.4055 508
16.4375 509
16.4695 510
16.5014 511
16.5334 512
16.5654 513
16.5974 514
16.6294 515
16.6613 516
16.6933 517
16.7253 518
16.7573 519
16.7893 520
16.8212 521
16.8532 522
16.8852 523
16.9172 524
16.9492 525
16.9811 526
17.0131 527
17.0451 528
17.0771 529
17.1091 530
17.141 531
17.173 532
17.205 533
17.237 534
17.2689 535
17.3009 536
17.3329 537
17.3649 538
17.3969 539
17.4288 540
17.4608 541
17.4928 542
17.5248 543
17.5568 544
17.5887 545
17.6207 546
17.6527 547
17.6847 548
17.7167 549
17.7486 550
17.7806 551
17.8126 552
17.8446 553
17.8766 554
17.9085 555
17.9405 556
17.9725 557
18.0045 558
18.0365 559
18.0684 560
18.1004 561
18.1324 562
18.1644 563
18.1964 564
18.2283 565
18.2603 566
18.2923 567
18.3243 568
18.3563 569
18.3882 570
18.4202 571
18.4522 572
18.4842 573
18.5161 574
18.5481 575
18.5801 576
18.6121 577
18.6441 578
18.676 579
18.708 580
18.74 581
18.772 582
18.804 583
18.8359 584
18.8679 585
18.8999 586
18.9319 587
18.9639 588
18.9958 589
19.0278 590
19.0598 591
19.0918 592
19.1238 593
19.1557 594
19.1877 595
19.2197 596
19.2517 597
19.2837 598
19.3156 599
19.3476 600
19.3796 601
19.4116 602
19.4436 603
19.4755 604
19.5075 605
19.5395 606
19.5715 607
19.6035 608
19.6354 609
19.6674 610
19.6994 611
19.7314 612
19.7634 613
19.7953 614
19.8273 615
19.8593 616
19.8913 617
19.9232 618
19.9552 619
19.9872 620
20.0192 621
20.0512 622
20.0831 623
20.1151 624
20.1471 625
20.1791 626
20.2111 627
20.243 628
20.275 629
20.307 630
20.339 631
20.371 632
20.4029 633
20.4349 633
20.4669 634
20.4989 635
20.5309 636
20.5628 637
20.5948 638
20.6268 639
20.6588 640
20.6908 641
20.7227 642
20.7547 643
20.7867 644
20.8187 645
20.8507 646
20.8826 647
20.9146 648
20.9466 649
20.9786 650
21.0106 651
21.0425 652
21.0745 653
21.1065 654
21.1385 655
21.1705 656
21.2024 657
21.2344 658
21.2664 659
21.2984 660
21.3303 660
21.3623 661
21.3943 662
21.4263 663
21.4583 664
21.4902 665
21.5222 666
21.5542 667
21.5862 668
21.6182 669
21.6501 670
21.6821 671
21.7141 672
21.7461 673
21.7781 674
21.81 675
21.842 676
21.874 677
21.906 678
21.938 679
21.9699 680
22.0019 681
22.0339 682
22.0659 683
22.0979 684
22.1298 685
22.1618 686
22.1938 687
22.2258 688
22.2578 689
22.2897 690
22.3217 691
22.3537 692
22.3857 693
22.4177 694
22.4496 695
22.4816 696
22.5136 697
22.5456 698
22.5776 699
22.6095 700
22.6415 701
22.6735 702
22.7055 703
22.7374 704
22.7694 705
22.8014 706
22.8334 707
22.8654 708
22.8973 709
22.9293 710
22.9613 711
22.9933 712
23.0253 713
23.0572 714
23.0892 715
23.1212 716
23.1532 717
23.1852 718
23.2171 719
23.2491 720
23.2811 721
23.3131 722
23.3451 723
23.377 724
23.409 724
23.441 725
23.473 726
23.505 727
23.5369 728
23.5689 729
23.6009 730
23.6329 731
23.6649 732
23.6968 733
23.7288 734
23.7608 735
23.7928 736
23.8248 737
23.8567 738
23.8887 739
23.9207 740
23.9527 741
23.9846 742
24.0166 743
24.0486 744
24.0806 745
24.1126 746
24.1445 747
24.1765 748
24.2085 749
24.2405 750
24.2725 751
24.3044 752
24.3364 753
24.3684 754
24.4004 755
24.4324 755
24.4643 756
24.4963 757
24.5283 758
24.5603 759
24.5923 760
24.6242 761
24.6562 762
24.6882 763
24.7202 764
24.7522 764
24.7841 765
24.8161 765
24.8481 766
24.8801 766
24.9121 767
24.944 767
24.976 768
25.008 769
25.04 769
25.072 770
25.1039 770
25.1359 771
25.1679 771
25.1999 772
25.2319 773
25.2638 773
25.2958 774
25.3278 774
25.3598 775
25.3917 775
25.4237 776
25.4557 777
25.4877 778
25.5197 778
25.5516 779
25.5836 780
25.6156 781
25.6476 782
25.6796 783
25.7115 784
25.7435 785
25.7755 786
25.8075 787
25.8395 788
25.8714 789
25.9034 789
25.9354 790
25.9674 791
25.9994 792
26.0313 793
26.0633 794
26.0953 795
26.1273 796
26.1593 797
26.1912 798
26.2232 799
26.2552 800
26.2872 801
26.3192 802
26.3511 802
26.3831 803
26.4151 804
26.4471 805
26.4791 806
26.511 807
26.543 808
26.575 809
26.607 810
26.639 811
26.6709 812
26.7029 813
26.7349 814
26.7669 815
26.7988 816
26.8308 817
26.8628 818
26.8948 819
26.9268 820
26.9587 821
26.9907 822
27.0227 823
27.0547 824
27.0867 825
27.1186 826
27.1506 827
27.1826 828
27.2146 829
27.2466 830
27.2785 831
27.3105 832
27.3425 833
27.3745 834
27.4065 835
27.4384 836
27.4704 837
27.5024 837
27.5344 838
27.5664 839
27.5983 840
27.6303 841
27.6623 842
27.6943 843
27.7263 844
27.7582 845
27.7902 846
27.8222 847
27.8542 848
27.8862 849
27.9181 850
27.9501 851
27.9821 852
28.0141 853
28.0461 854
28.078 855
28.11 856
28.142 857
28.174 858
28.2059 859
28.2379 860
28.2699 861
28.3019 862
28.3339 863
28.3658 864
28.3978 865
28.4298 866
28.4618 867
28.4938 868
28.5257 869
28.5577 870
28.5897 871
28.6217 872
28.6537 873
28.6856 874
28.7176 875
28.7496 876
28.7816 877
28.8136 878
28.8455 879
28.8775 880
28.9095 881
28.9415 882
28.9735 883
29.0054 884
29.0374 884
29.0694 885
29.1014 886
29.1334 887
29.1653 888
29.1973 889
29.2293 890
29.2613 890
29.2933 891
29.3252 892
29.3572 893
29.3892 894
29.4212 895
29.4531 896
29.4851 897
29.5171 898
29.5491 899
29.5811 900
29.613 901
29.645 902
29.677 902
29.709 903
29.741 904
29.7729 905
29.8049 906
29.8369 907
29.8689 908
29.9009 909
29.9328 910
29.9648 911
29.9968 912
30.0288 913
30.0608 914
30.0927 915
30.1247 916
30.1567 917
30.1887 918
30.2207 919
30.2526 920
30.2846 921
30.3166 922
30.3486 923
30.3806 924
30.4125 925
30.4445 926
30.4765 927
30.5085 928
30.5405 929
30.5724 930
30.6044 931
30.6364 932
30.6684 933
30.7004 934
30.7323 935
30.7643 935
30.7963 936
30.8283 937
30.8602 938
30.8922 939
30.9242 940
30.9562 941
30.9882 941
31.0201 942
31.0521 942
31.0841 943
31.1161 944
31.1481 945
31.18 946
31.212 947
31.244 948
31.276 949
31.308 949
31.3399 950
31.3719 951
31.4039 952
31.4359 953
31.4679 954
31.4998 955
31.5318 956
31.5638 956
31.5958 957
31.6278 958
31.6597 958
31.6917 959
31.7237 960
31.7557 961
31.7877 962
31.8196 963
31.8516 964
31.8836 964
31.9156 965
31.9476 966
31.9795 967
32.0115 968
32.0435 969
32.0755 970
32.1075 971
32.1394 972
32.1714 973
32.2034 974
32.2354 975
32.2673 975
32.2993 976
32.3313 977
32.3633 978
32.3953 979
32.4272 980
32.4592 981
32.4912 982
32.5232 983
32.5552 984
32.5871 985
32.6191 986
32.6511 986
32.6831 987
32.7151 987
32.747 988
32.779 989
32.811 990
32.843 991
32.875 991
32.9069 992
32.9389 993
32.9709 994
33.0029 995
33.0349 996
33.0668 997
33.0988 998
33.1308 999
33.1628 999
33.1948 1000
33.2267 1001
33.2587 1002
33.2907 1003
33.3227 1004
33.3547 1005
33.3866 1006
33.4186 1007
33.4506 1008
33.4826 1009
33.5146 1010
33.5465 1011
33.5785 1012
33.6105 1013
33.6425 1013
33.6744 1014
33.7064 1015
33.7384 1015
33.7704 1016
33.8024 1017
33.8343 1018
33.8663 1019
33.8983 1020
33.9303 1021
33.9623 1022
33.9942 1023
34.0262 1023
34.0582 1024
34.0902 1025
34.1222 1025
34.1541 1026
34.1861 1027
34.2181 1028
34.2501 1029
34.2821 1030
34.314 1031
34.346 1032
34.378 1033
34.41 1034
34.442 1035
34.4739 1036
34.5059 1037
34.5379 1038
34.5699 1039
34.6019 1040
34.6338 1041
34.6658 1042
34.6978 1043
34.7298 1044
34.7618 1045
34.7937 1046
34.8257 1047
34.8577 1048
34.8897 1049
34.9217 1050
34.9536 1051
34.9856 1052
35.0176 1053
35.0496 1054
35.0815 1055
35.1135 1056
35.1455 1057
35.1775 1057
35.2095 1058
35.2414 1059
35.2734 1059
35.3054 1060
35.3374 1061
35.3694 1062
35.4013 1063
35.4333 1064
35.4653 1065
35.4973 1066
35.5293 1067
35.5612 1068
35.5932 1069
35.6252 1069
35.6572 1070
35.6892 1071
35.7211 1072
35.7531 1073
35.7851 1073
35.8171 1074
35.8491 1075
35.881 1076
35.913 1077
35.945 1078
35.977 1079
36.009 1080
36.0409 1081
36.0729 1082
36.1049 1083
36.1369 1084
36.1689 1084
36.2008 1085
36.2328 1085
36.2648 1086
36.2968 1086
36.3287 1087
36.3607 1087
36.3927 1088
36.4247 1089
36.4567 1089
36.4886 1090
36.5206 1091
36.5526 1092
36.5846 1093
36.6166 1094
36.6485 1095
36.6805 1096
36.7125 1097
36.7445 1098
36.7765 1098
36.8084 1099
36.8404 1100
36.8724 1101
36.9044 1102
36.9364 1103
36.9683 1104
37.0003 1105
37.0323 1106
37.0643 1107
37.0963 1108
37.1282 1109
37.1602 1110
37.1922 1111
37.2242 1112
37.2562 1113
37.2881 1114
37.3201 1115
37.3521 1116
37.3841 1117
37.4161 1118
37.448 1119
37.48 1120
37.512 1121
37.544 1122
37.576 1123
37.6079 1124
37.6399 1125
37.6719 1126
37.7039 1127
37.7358 1128
37.7678 1129
37.7998 1130
37.8318 1131
37.8638 1132
37.8957 1133
37.9277 1134
37.9597 1135
37.9917 1136
38.0237 1137
38.0556 1138
38.0876 1139
38.1196 1140
38.1516 1141
38.1836 1142
38.2155 1143
38.2475 1144
38.2795 1145
38.3115 1146
38.3435 1147
38.3754 1148
38.4074 1149
38.4394 1150
38.4714 1151
38.5034 1152
38.5353 1153
38.5673 1154
38.5993 1155
38.6313 1156
38.6633 1157
38.6952 1158
38.7272 1159
38.7592 1160
38.7912 1161
38.8232 1162
38.8551 1163
38.8871 1164
38.9191 1165
38.9511 1166
38.9831 1167
39.015 1168
39.047 1169
39.079 1170
39.111 1171
39.1429 1172
39.1749 1173
39.2069 1174
39.2389 1175
39.2709 1176
39.3028 1177
39.3348 1178
39.3668 1179
39.3988 1180
39.4308 1181
39.4627 1182
39.4947 1183
39.5267 1184
39.5587 1185
39.5907 1186
39.6226 1187
39.6546 1188
39.6866 1189
39.7186 1190
39.7506 1191
39.7825 1192
39.8145 1192
39.8465 1193
39.8785 1194
39.9105 1195
39.9424 1196
39.9744 1197
40.0064 1198
40.0384 1198
40.0704 1199
40.1023 1200
40.1343 1201
40.1663 1202
40.1983 1203
40.2303 1203
40.2622 1204
40.2942 1205
40.3262 1206
40.3582 1207
40.3902 1207
40.4221 1208
40.4541 1209
40.4861 1210
40.5181 1211
40.55 1212
40.582 1213
40.614 1214
40.646 1215
40.678 1216
40.7099 1217
40.7419 1218
40.7739 1219
40.8059 1220
40.8379 1221
40.8698 1222
40.9018 1223
40.9338 1224
40.9658 1225
40.9978 1226
41.0297 1227
41.0617 1228
41.0937 1229
41.1257 1230
41.1577 1231
41.1896 1232
41.2216 1233
41.2536 1233
41.2856 1234
41.3176 1235
41.3495 1236
41.3815 1237
41.4135 1238
41.4455 1239
41.4775 1240
41.5094 1241
41.5414 1242
41.5734 1243
41.6054 1244
41.6374 1245
41.6693 1246
41.7013 1247
41.7333 1247
41.7653 1248
41.7972 1249
41.8292 1250
41.8612 1251
41.8932 1252
41.9252 1253
41.9571 1254
41.9891 1254
42.0211 1255
42.0531 1256
42.0851 1257
42.117 1258
42.149 1259
42.181 1260
42.213 1261
42.245 1262
42.2769 1263
42.3089 1264
42.3409 1265
42.3729 1266
42.4049 1267
42.4368 1268
42.4688 1269
42.5008 1270
42.5328 1271
42.5648 1272
42.5967 1273
42.6287 1274
42.6607 1275
42.6927 1276
42.7247 1277
42.7566 1278
42.7886 1279
42.8206 1280
42.8526 1281
42.8846 1282
42.9165 1283
42.9485 1284
42.9805 1285
43.0125 1286
43.0445 1287
43.0764 1288
43.1084 1289
43.1404 1290
43.1724 1291
43.2043 1292
43.2363 1293
43.2683 1293
43.3003 1294
43.3323 1295
43.3642 1295
43.3962 1296
43.4282 1296
43.4602 1297
43.4922 1298
43.5241 1299
43.5561 1300
43.5881 1301
43.6201 1302
43.6521 1303
43.684 1304
43.716 1305
43.748 1306
43.78 1307
43.812 1307
43.8439 1308
43.8759 1309
43.9079 1310
43.9399 1311
43.9719 1312
44.0038 1313
44.0358 1313
44.0678 1314
44.0998 1314
44.1318 1315
44.1637 1316
44.1957 1317
44.2277 1318
44.2597 1319
44.2917 1319
44.3236 1320
44.3556 1321
44.3876 1322
44.4196 1323
44.4516 1324
44.4835 1325
44.5155 1326
44.5475 1327
44.5795 1328
44.6114 1328
44.6434 1329
44.6754 1330
44.7074 1331
44.7394 1332
44.7713 1333
44.8033 1334
44.8353 1335
44.8673 1336
44.8993 1336
44.9312 1337
44.9632 1338
44.9952 1339
45.0272 1340
45.0592 1341
45.0911 1342
45.1231 1342
45.1551 1343
45.1871 1343
45.2191 1344
45.251 1345
45.283 1346
45.315 1347
45.347 1347
45.379 1348
45.4109 1349
45.4429 1350
45.4749 1351
45.5069 1352
45.5389 1353
45.5708 1354
45.6028 1355
45.6348 1356
45.6668 1357
45.6988 1358
45.7307 1359
45.7627 1360
45.7947 1361
45.8267 1362
45.8587 1363
45.8906 1364
45.9226 1365
45.9546 1366
45.9866 1367
46.0185 1368
46.0505 1369
46.0825 1370
46.1145 1371
46.1465 1372
46.1784 1373
46.2104 1374
46.2424 1375
46.2744 1375
46.3064 1376
46.3383 1377
46.3703 1378
46.4023 1379
46.4343 1380
46.4663 1381
46.4982 1381
46.5302 1382
46.5622 1383
46.5942 1384
46.6262 1385
46.6581 1386
46.6901 1387
46.7221 1388
46.7541 1389
46.7861 1390
46.818 1391
46.85 1392
46.882 1393
46.914 1394
46.946 1395
46.9779 1396
47.0099 1397
47.0419 1398
47.0739 1399
47.1059 1400
47.1378 1401
47.1698 1402
47.2018 1403
47.2338 1404
47.2657 1405
47.2977 1406
47.3297 1407
47.3617 1408
47.3937 1409
47.4256 1409
47.4576 1410
47.4896 1411
47.5216 1412
47.5536 1413
47.5855 1414
47.6175 1415
47.6495 1416
47.6815 1417
47.7135 1418
47.7454 1419
47.7774 1420
47.8094 1421
47.8414 1422
47.8734 1423
47.9053 1424
47.9373 1425
47.9693 1426
48.0013 1427
48.0333 1428
48.0652 1429
48.0972 1430
48.1292 1431
48.1612 1432
48.1932 1433
48.2251 1434
48.2571 1435
48.2891 1436
48.3211 1437
48.3531 1437
48.385 1438
48.417 1439
48.449 1440
48.481 1441
48.513 1442
48.5449 1443
48.5769 1444
48.6089 1445
48.6409 1446
48.6728 1447
48.7048 1448
48.7368 1449
48.7688 1450
48.8008 1451
48.8327 1452
48.8647 1453
48.8967 1454
48.9287 1455
48.9607 1456
48.9926 1457
49.0246 1458
49.0566 1459
49.0886 1460
49.1206 1461
49.1525 1462
49.1845 1463
49.2165 1464
49.2485 1465
49.2805 1466
49.3124 1467
49.3444 1468
49.3764 1469
49.4084 1470
49.4404 1471
49.4723 1472
49.5043 1473
49.5363 1474
49.5683 1475
49.6003 1476
49.6322 1477
49.6642 1478
49.6962 1479
49.7282 1480
49.7602 1481
49.7921 1482
49.8241 1482
49.8561 1483
49.8881 1484
49.9201 1485
49.952 1486
49.984 1487
50.016 1488
50.048 1489
50.0799 1490
50.1119 1491
50.1439 1492
50.1759 1493
50.2079 1494
50.2398 1495
50.2718 1496
50.3038 1497
50.3358 1498
50.3678 1499
50.3997 1500
50.4317 1501
50.4637 1501
50.4957 1502
50.5277 1503
50.5596 1504
50.5916 1504
50.6236 1505
50.6556 1506
50.6876 1507
50.7195 1508
50.7515 1509
50.7835 1510
50.8155 1511
50.8475 1512
50.8794 1513
50.9114 1514
50.9434 1515
50.9754 1515
51.0074 1516
51.0393 1516
51.0713 1517
51.1033 1517
51.1353 1518
51.1673 1518
51.1992 1519
51.2312 1519
51.2632 1520
51.2952 1521
51.3272 1522
51.3591 1523
51.3911 1524
51.4231 1525
51.4551 1526
51.487 1526
51.519 1527
51.551 1527
51.583 1528
51.615 1529
51.6469 1530
51.6789 1531
51.7109 1532
51.7429 1533
51.7749 1534
51.8068 1535
51.8388 1536
51.8708 1537
51.9028 1538
51.9348 1539
51.9667 1540
51.9987 1541
52.0307 1542
52.0627 1543
52.0947 1544
52.1266 1545
52.1586 1546
52.1906 1547
52.2226 1548
52.2546 1549
52.2865 1550
52.3185 1551
52.3505 1552
52.3825 1553
52.4145 1554
52.4464 1555
52.4784 1556
52.5104 1557
52.5424 1558
52.5744 1559
52.6063 1560
52.6383 1561
52.6703 1562
52.7023 1563
52.7343 1564
52.7662 1564
52.7982 1565
52.8302 1565
52.8622 1566
52.8941 1567
52.9261 1568
52.9581 1569
52.9901 1570
53.0221 1571
53.054 1572
53.086 1573
53.118 1574
53.15 1575
53.182 1576
53.2139 1577
53.2459 1578
53.2779 1579
53.3099 1579
53.3419 1580
53.3738 1581
53.4058 1582
53.4378 1582
53.4698 1583
53.5018 1584
53.5337 1585
53.5657 1586
53.5977 1587
53.6297 1587
53.6617 1588
53.6936 1588
53.7256 1589
53.7576 1590
53.7896 1591
53.8216 1592
53.8535 1593
53.8855 1594
53.9175 1595
53.9495 1596
53.9815 1597
54.0134 1598
54.0454 1599
54.0774 1600
54.1094 1601
54.1413 1601
54.1733 1602
54.2053 1603
54.2373 1604
54.2693 1605
54.3012 1606
54.3332 1607
54.3652 1608
54.3972 1609
54.4292 1610
54.4611 1611
54.4931 1612
54.5251 1613
54.5571 1614
54.5891 1615
54.621 1616
54.653 1617
54.685 1618
54.717 1619
54.749 1620
54.7809 1621
54.8129 1622
54.8449 1623
54.8769 1624
54.9089 1625
54.9408 1626
54.9728 1627
55.0048 1628
55.0368 1629
55.0688 1630
55.1007 1631
55.1327 1632
55.1647 1633
55.1967 1634
55.2287 1635
55.2606 1635
55.2926 1636
55.3246 1637
55.3566 1638
55.3886 1639
55.4205 1640
55.4525 1641
55.4845 1642
55.5165 1643
55.5484 1644
55.5804 1645
55.6124 1646
55.6444 1647
55.6764 1648
55.7083 1649
55.7403 1650
55.7723 1651
55.8043 1652
55.8363 1653
55.8682 1654
55.9002 1655
55.9322 1656
55.9642 1657
55.9962 1658
56.0281 1659
56.0601 1659
56.0921 1660
56.1241 1661
56.1561 1662
56.188 1663
56.22 1664
56.252 1665
56.284 1666
56.316 1667
56.3479 1668
56.3799 1669
56.4119 1670
56.4439 1671
56.4759 1672
56.5078 1673
56.5398 1674
56.5718 1675
56.6038 1676
56.6358 1677
56.6677 1678
56.6997 1679
56.7317 1680
56.7637 1681
56.7957 1682
56.8276 1683
56.8596 1684
56.8916 1685
56.9236 1686
56.9555 1687
56.9875 1688
57.0195 1689
57.0515 1689
57.0835 1690
57.1154 1690
57.1474 1691
57.1794 1691
57.2114 1692
57.2434 1692
57.2753 1693
57.3073 1694
57.3393 1694
57.3713 1695
57.4033 1696
57.4352 1697
57.4672 1698
57.4992 1699
57.5312 1700
57.5632 1701
57.5951 1702
57.6271 1703
57.6591 1704
57.6911 1705
57.7231 1706
57.755 1707
57.787 1708
57.819 1709
57.851 1710
57.883 1711
57.9149 1712
57.9469 1713
57.9789 1714
58.0109 1715
58.0429 1716
58.0748 1717
58.1068 1718
58.1388 1718
58.1708 1719
58.2028 1720
58.2347 1721
58.2667 1722
58.2987 1723
58.3307 1724
58.3626 1724
58.3946 1725
58.4266 1725
58.4586 1726
58.4906 1726
58.5225 1727
58.5545 1728
58.5865 1729
58.6185 1730
58.6505 1731
58.6824 1732
58.7144 1733
58.7464 1734
58.7784 1735
58.8104 1736
58.8423 1737
58.8743 1738
58.9063 1739
58.9383 1740
58.9703 1741
59.0022 1742
59.0342 1743
59.0662 1744
59.0982 1745
59.1302 1746
59.1621 1747
59.1941 1748
59.2261 1749
59.2581 1750
59.2901 1751
59.322 1752
59.354 1753
59.386 1754
59.418 1755
59.45 1756
59.4819 1757
59.5139 1758
59.5459 1759
59.5779 1760
59.6098 1761
59.6418 1762
59.6738 1763
59.7058 1764
59.7378 1765
59.7697 1766
59.8017 1767
59.8337 1768
59.8657 1769
59.8977 1770
59.9296 1771
59.9616 1772
59.9936 1773
60.0256 1774
60.0576 1775
60.0895 1776
60.1215 1777
60.1535 1778
60.1855 1779
60.2175 1780
60.2494 1781
60.2814 1782
60.3134 1783
60.3454 1784
60.3774 1785
60.4093 1786
60.4413 1787
60.4733 1788
60.5053 1789
60.5373 1790
60.5692 1791
60.6012 1792
60.6332 1793
60.6652 1794
60.6972 1795
60.7291 1796
60.7611 1797
60.7931 1798
60.8251 1799
60.8571 1800
60.889 1801
60.921 1802
60.953 1803
60.985 1804
61.0169 1805
61.0489 1806
61.0809 1807
61.1129 1808
61.1449 1808
61.1768 1809
61.2088 1809
61.2408 1810
61.2728 1811
61.3048 1812
61.3367 1813
61.3687 1814
61.4007 1815
61.4327 1816
61.4647 1816
61.4966 1817
61.5286 1818
61.5606 1819
61.5926 1820
61.6246 1821
61.6565 1822
61.6885 1823
61.7205 1824
61.7525 1825
61.7845 1826
61.8164 1827
61.8484 1828
61.8804 1829
61.9124 1830
61.9444 1831
61.9763 1832
62.0083 1833
62.0403 1834
62.0723 1835
62.1043 1836
62.1362 1837
62.1682 1838
62.2002 1839
62.2322 1840
62.2642 1841
62.2961 1842
62.3281 1843
62.3601 1844
62.3921 1845
62.424 1846
62.456 1847
62.488 1848
62.52 1849
62.552 1850
62.5839 1851
62.6159 1852
62.6479 1853
62.6799 1854
62.7119 1855
62.7438 1856
62.7758 1857
62.8078 1858
62.8398 1859
62.8718 1860
62.9037 1861
62.9357 1862
62.9677 1863
62.9997 1864
63.0317 1865
63.0636 1866
63.0956 1867
63.1276 1868
63.1596 1869
63.1916 1870
63.2235 1871
63.2555 1872
63.2875 1873
63.3195 1874
63.3515 1875
63.3834 1876
63.4154 1877
63.4474 1878
63.4794 1879
63.5114 1880
63.5433 1881
63.5753 1882
63.6073 1883
63.6393 1884
63.6713 1885
63.7032 1886
63.7352 1887
63.7672 1888
63.7992 1889
63.8311 1890
63.8631 1891
63.8951 1892
63.9271 1893
63.9591 1894
63.991 1895
64.023 1896
64.055 1897
64.087 1898
64.119 1899
64.1509 1900
64.1829 1901
64.2149 1902
64.2469 1903
64.2789 1904
64.3108 1905
64.3428 1906
64.3748 1907
64.4068 1908
64.4388 1909
64.4707 1910
64.5027 1911
64.5347 1912
64.5667 1913
64.5987 1914
64.6306 1915
64.6626 1916
64.6946 1917
64.7266 1918
64.7586 1919
64.7905 1920
64.8225 1921
64.8545 1922
64.8865 1923
64.9185 1924
64.9504 1925
64.9824 1926
65.0144 1927
65.0464 1928
65.0783 1929
65.1103 1930
65.1423 1931
65.1743 1932
65.2063 1933
65.2382 1934
65.2702 1935
65.3022 1936
65.3342 1937
65.3662 1938
65.3981 1939
65.4301 1940
65.4621 1941
65.4941 1942
65.5261 1943
65.558 1944
65.59 1945
65.622 1946
65.654 1947
65.686 1948
65.7179 1949
65.7499 1950
65.7819 1951
65.8139 1952
65.8459 1953
65.8778 1954
65.9098 1955
65.9418 1956
65.9738 1957
66.0058 1958
66.0377 1959
66.0697 1960
66.1017 1961
66.1337 1962
66.1657 1963
66.1976 1964
66.2296 1965
66.2616 1966
66.2936 1967
66.3256 1968
66.3575 1969
66.3895 1970
66.4215 1971
66.4535 1972
66.4854 1973
66.5174 1974
66.5494 1975
66.5814 1976
66.6134 1977
66.6453 1978
66.6773 1979
66.7093 1980
66.7413 1981
66.7733 1982
66.8052 1983
66.8372 1984
66.8692 1985
66.9012 1986
66.9332 1987
66.9651 1988
66.9971 1989
