0.036036 2
0.0720721 3
0.108108 4
0.144144 5
0.18018 6
0.216216 7
0.252252 8
0.288288 9
0.324324 10
0.36036 11
0.396396 12
0.432432 13
0.468468 14
0.504505 15
0.540541 16
0.576577 17
0.612613 18
0.648649 19
0.684685 20
0.720721 21
0.756757 22
0.792793 23
0.828829 24
0.864865 25
0.900901 26
0.936937 27
0.972973 28
1.00901 29
1.04505 30
1.08108 31
1.11712 32
1.15315 33
1.18919 34
1.22523 35
1.26126 36
1.2973 37
1.33333 38
1.36937 39
1.40541 40
1.44144 41
1.47748 42
1.51351 43
1.54955 44
1.58559 45
1.62162 46
1.65766 47
1.69369 48
1.72973 49
1.76577 50
1.8018 51
1.83784 52
1.87387 53
1.90991 54
1.94595 55
1.98198 56
2.01802 57
2.05405 58
2.09009 59
2.12613 60
2.16216 61
2.1982 62
2.23423 63
2.27027 64
2.30631 65
2.34234 66
2.37838 67
2.41441 68
2.45045 69
2.48649 70
2.52252 71
2.55856 72
2.59459 73
2.63063 74
2.66667 75
2.7027 76
2.73874 77
2.77477 78
2.81081 79
2.84685 80
2.88288 81
2.91892 82
2.95495 83
2.99099 84
3.02703 85
3.06306 86
3.0991 87
3.13514 88
3.17117 89
3.20721 90
3.24324 91
3.27928 92
3.31532 93
3.35135 94
3.38739 95
3.42342 96
3.45946 97
3.4955 98
3.53153 99
3.56757 100
3.6036 101
3.63964 102
3.67568 103
3.71171 104
3.74775 105
3.78378 106
3.81982 107
3.85586 108
3.89189 109
3.92793 110
3.96396 111
4 112
4.03604 113
4.07207 114
4.10811 115
4.14414 116
4.18018 117
4.21622 118
4.25225 119
4.28829 120
4.32432 121
4.36036 122
4.3964 123
4.43243 124
4.46847 125
4.5045 126
4.54054 127
4.57658 127
4.61261 128
4.64865 129
4.68468 130
4.72072 131
4.75676 132
4.79279 132
4.82883 133
4.86486 133
4.9009 134
4.93694 135
4.97297 136
5.00901 136
5.04505 137
5.08108 138
5.11712 139
5.15315 140
5.18919 140
5.22523 141
5.26126 142
5.2973 143
5.33333 144
5.36937 145
5.40541 146
5.44144 147
5.47748 148
5.51351 149
5.54955 150
5.58559 151
5.62162 152
5.65766 153
5.69369 154
5.72973 155
5.76577 156
5.8018 157
5.83784 158
5.87387 159
5.90991 160
5.94595 161
5.98198 162
6.01802 163
6.05405 164
6.09009 165
6.12613 166
6.16216 167
6.1982 168
6.23423 169
6.27027 170
6.30631 171
6.34234 172
6.37838 173
6.41441 174
6.45045 175
6.48649 176
6.52252 177
6.55856 178
6.59459 179
6.63063 180
6.66667 181
6.7027 182
6.73874 183
6.77477 184
6.81081 185
6.84685 186
6.88288 187
6.91892 188
6.95495 189
6.99099 190
7.02703 191
7.06306 192
7.0991 193
7.13514 194
7.17117 195
7.20721 196
7.24324 197
7.27928 198
7.31532 199
7.35135 200
7.38739 201
7.42342 202
7.45946 203
7.4955 204
7.53153 205
7.56757 206
7.6036 207
7.63964 208
7.67568 209
7.71171 210
7.74775 211
7.78378 212
7.81982 213
7.85586 214
7.89189 215
7.92793 216
7.96396 217
8 218
8.03604 219
8.07207 220
8.10811 221
8.14414 222
8.18018 223
8.21622 224
8.25225 225
8.28829 226
8.32432 227
8.36036 228
8.3964 229
8.43243 230
8.46847 231
8.5045 232
8.54054 233
8.57658 234
8.61261 235
8.64865 236
8.68468 237
8.72072 238
8.75676 239
8.79279 240
8.82883 241
8.86486 242
8.9009 243
8.93694 244
8.97297 245
9.00901 246
9.04505 247
9.08108 248
9.11712 249
9.15315 250
9.18919 251
9.22523 252
9.26126 253
9.2973 254
9.33333 255
9.36937 256
9.40541 257
9.44144 258
9.47748 259
9.51351 260
9.54955 261
9.58559 262
9.62162 263
9.65766 264
9.69369 265
9.72973 266
9.76577 267
9.8018 268
9.83784 269
9.87387 270
9.90991 271
9.94595 272
9.98198 273
10.018 274
10.0541 275
10.0901 276
10.1261 277
10.1622 278
10.1982 279
10.2342 280
10.2703 281
10.3063 282
10.3423 283
10.3784 284
10.4144 285
10.4505 286
10.4865 287
10.5225 288
10.5586 289
10.5946 290
10.6306 291
10.6667 292
10.7027 293
10.7387 294
10.7748 295
10.8108 296
10.8468 297
10.8829 298
10.9189 299
10.955 300
10.991 301
11.027 302
11.0631 303
11.0991 304
11.1351 305
11.1712 306
11.2072 307
11.2432 308
11.2793 309
11.3153 310
11.3514 311
11.3874 312
11.4234 313
11.4595 314
11.4955 315
11.5315 316
11.5676 317
11.6036 318
11.6396 319
11.6757 320
11.7117 321
11.7477 322
11.7838 323
11.8198 324
11.8559 325
11.8919 326
11.9279 327
11.964 328
12 329
12.036 330
12.0721 331
12.1081 332
12.1441 333
12.1802 334
12.2162 335
12.2523 336
12.2883 337
12.3243 338
12.3604 339
12.3964 340
12.4324 341
12.4685 342
12.5045 343
12.5405 344
12.5766 345
12.6126 346
12.6486 347
12.6847 348
12.7207 349
12.7568 350
12.7928 351
12.8288 352
12.8649 353
12.9009 354
12.9369 355
12.973 356
13.009 357
13.045 358
13.0811 359
13.1171 360
13.1532 361
13.1892 362
13.2252 363
13.2613 364
13.2973 365
13.3333 366
13.3694 367
13.4054 368
13.4414 369
13.4775 370
13.5135 371
13.5495 372
13.5856 373
13.6216 374
13.6577 375
13.6937 376
13.7297 377
13.7658 378
13.8018 379
13.8378 380
13.8739 381
13.9099 382
13.9459 383
13.982 384
14.018 385
14.0541 386
14.0901 387
14.1261 388
14.1622 389
14.1982 390
14.2342 391
14.2703 392
14.3063 393
14.3423 394
14.3784 395
14.4144 396
14.4505 397
14.4865 398
14.5225 399
14.5586 400
14.5946 401
14.6306 402
14.6667 403
14.7027 404
14.7387 405
14.7748 406
14.8108 407
14.8468 408
14.8829 409
14.9189 410
14.955 411
14.991 412
15.027 413
15.0631 414
15.0991 415
15.1351 416
15.1712 417
15.2072 418
15.2432 419
15.2793 420
15.3153 421
15.3514 422
15.3874 423
15.4234 424
15.4595 425
15.4955 426
15.5315 427
15.5676 428
15.6036 429
15.6396 430
15.6757 431
15.7117 432
15.7477 433
15.7838 434
15.8198 435
15.8559 436
15.8919 437
15.9279 438
15.964 439
16 440
16.036 441
16.0721 442
16.1081 443
16.1441 444
16.1802 445
16.2162 446
16.2523 447
16.2883 448
16.3243 449
16.3604 450
16.3964 451
16.4324 452
16.4685 453
16.5045 454
16.5405 455
16.5766 456
16.6126 457
16.6486 458
16.6847 459
16.7207 460
16.7568 461
16.7928 462
16.8288 463
16.8649 464
16.9009 465
16.9369 466
16.973 467
17.009 468
17.045 469
17.0811 470
17.1171 471
17.1532 472
17.1892 473
17.2252 474
17.2613 475
17.2973 476
17.3333 477
17.3694 478
17.4054 479
17.4414 480
17.4775 481
17.5135 482
17.5495 483
17.5856 484
17.6216 485
17.6577 486
17.6937 487
17.7297 488
17.7658 489
17.8018 490
17.8378 491
17.8739 492
17.9099 493
17.9459 494
17.982 495
18.018 496
18.0541 497
18.0901 498
18.1261 499
18.1622 500
18.1982 501
18.2342 502
18.2703 503
18.3063 504
18.3423 505
18.3784 506
18.4144 507
18.4505 508
18.4865 509
18.5225 510
18.5586 511
18.5946 512
18.6306 513
18.6667 514
18.7027 515
18.7387 516
18.7748 517
18.8108 518
18.8468 519
18.8829 520
18.9189 521
18.955 522
18.991 523
19.027 524
19.0631 525
19.0991 526
19.1351 527
19.1712 528
19.2072 529
19.2432 530
19.2793 531
19.3153 532
19.3514 533
19.3874 534
19.4234 535
19.4595 536
19.4955 537
19.5315 538
19.5676 539
19.6036 540
19.6396 541
19.6757 542
19.7117 543
19.7477 544
19.7838 545
19.8198 546
19.8559 547
19.8919 548
19.9279 549
19.964 550
20 551
20.036 552
20.0721 553
20.1081 554
20.1441 555
20.1802 556
20.2162 557
20.2523 558
20.2883 559
20.3243 560
20.3604 561
20.3964 562
20.4324 563
20.4685 564
20.5045 565
20.5405 566
20.5766 567
20.6126 568
20.6486 569
20.6847 570
20.7207 571
20.7568 572
20.7928 573
20.8288 574
20.8649 575
20.9009 576
20.9369 577
20.973 578
21.009 579
21.045 580
21.0811 581
21.1171 582
21.1532 583
21.1892 584
21.2252 585
21.2613 586
21.2973 587
21.3333 588
21.3694 589
21.4054 590
21.4414 591
21.4775 592
21.5135 593
21.5495 594
21.5856 595
21.6216 596
21.6577 597
21.6937 598
21.7297 599
21.7658 600
21.8018 601
21.8378 602
21.8739 603
21.9099 604
21.9459 605
21.982 606
22.018 607
22.0541 608
22.0901 609
22.1261 610
22.1622 611
22.1982 612
22.2342 613
22.2703 614
22.3063 615
22.3423 616
22.3784 617
22.4144 618
22.4505 619
22.4865 620
22.5225 621
22.5586 622
22.5946 623
22.6306 624
22.6667 625
22.7027 626
22.7387 627
22.7748 628
22.8108 629
22.8468 630
22.8829 631
22.9189 632
22.955 633
22.991 633
23.027 634
23.0631 635
23.0991 636
23.1351 637
23.1712 638
23.2072 639
23.2432 640
23.2793 641
23.3153 642
23.3514 643
23.3874 644
23.4234 645
23.4595 646
23.4955 647
23.5315 648
23.5676 649
23.6036 650
23.6396 651
23.6757 652
23.7117 653
23.7477 654
23.7838 655
23.8198 656
23.8559 657
23.8919 658
23.9279 659
23.964 660
24 660
24.036 661
24.0721 662
24.1081 663
24.1441 664
24.1802 665
24.2162 666
24.2523 667
24.2883 668
24.3243 669
24.3604 670
24.3964 671
24.4324 672
24.4685 673
24.5045 674
24.5405 675
24.5766 676
24.6126 677
24.6486 678
24.6847 679
24.7207 680
24.7568 681
24.7928 682
24.8288 683
24.8649 684
24.9009 685
24.9369 686
24.973 687
25.009 688
25.045 689
25.0811 690
25.1171 691
25.1532 692
25.1892 693
25.2252 694
25.2613 695
25.2973 696
25.3333 697
25.3694 698
25.4054 699
25.4414 700
25.4775 701
25.5135 702
25.5495 703
25.5856 704
25.6216 705
25.6577 706
25.6937 707
25.7297 708
25.7658 709
25.8018 710
25.8378 711
25.8739 712
25.9099 713
25.9459 714
25.982 715
26.018 716
26.0541 717
26.0901 718
26.1261 719
26.1622 720
26.1982 721
26.2342 722
26.2703 723
26.3063 724
26.3423 724
26.3784 725
26.4144 726
26.4505 727
26.4865 728
26.5225 729
26.5586 730
26.5946 731
26.6306 732
26.6667 733
26.7027 734
26.7387 735
26.7748 736
26.8108 737
26.8468 738
26.8829 739
26.9189 740
26.955 741
26.991 742
27.027 743
27.0631 744
27.0991 745
27.1351 746
27.1712 747
27.2072 748
27.2432 749
27.2793 750
27.3153 751
27.3514 752
27.3874 753
27.4234 754
27.4595 755
27.4955 755
27.5315 756
27.5676 757
27.6036 758
27.6396 759
27.6757 760
27.7117 761
27.7477 762
27.7838 763
27.8198 764
27.8559 764
27.8919 765
27.9279 765
27.964 766
28 766
28.036 767
28.0721 767
28.1081 768
28.1441 769
28.1802 769
28.2162 770
28.2523 770
28.2883 771
28.3243 771
28.3604 772
28.3964 773
28.4324 773
28.4685 774
28.5045 774
28.5405 775
28.5766 775
28.6126 776
28.6486 777
28.6847 778
28.7207 778
28.7568 779
28.7928 780
28.8288 781
28.8649 782
28.9009 783
28.9369 784
28.973 785
29.009 786
29.045 787
29.0811 788
29.1171 789
29.1532 789
29.1892 790
29.2252 791
29.2613 792
29.2973 793
29.3333 794
29.3694 795
29.4054 796
29.4414 797
29.4775 798
29.5135 799
29.5495 800
29.5856 801
29.6216 802
29.6577 802
29.6937 803
29.7297 804
29.7658 805
29.8018 806
29.8378 807
29.8739 808
29.9099 809
29.9459 810
29.982 811
30.018 812
30.0541 813
30.0901 814
30.1261 815
30.1622 816
30.1982 817
30.2342 818
30.2703 819
30.3063 820
30.3423 821
30.3784 822
30.4144 823
30.4505 824
30.4865 825
30.5225 826
30.5586 827
30.5946 828
30.6306 829
30.6667 830
30.7027 831
30.7387 832
30.7748 833
30.8108 834
30.8468 835
30.8829 836
30.9189 837
30.955 837
30.991 838
31.027 839
31.0631 840
31.0991 841
31.1351 842
31.1712 843
31.2072 844
31.2432 845
31.2793 846
31.3153 847
31.3514 848
31.3874 849
31.4234 850
31.4595 851
31.4955 852
31.5315 853
31.5676 854
31.6036 855
31.6396 856
31.6757 857
31.7117 858
31.7477 859
31.7838 860
31.8198 861
31.8559 862
31.8919 863
31.9279 864
31.964 865
32 866
32.036 867
32.0721 868
32.1081 869
32.1441 870
32.1802 871
32.2162 872
32.2523 873
32.2883 874
32.3243 875
32.3604 876
32.3964 877
32.4324 878
32.4685 879
32.5045 880
32.5405 881
32.5766 882
32.6126 883
32.6486 884
32.6847 884
32.7207 885
32.7568 886
32.7928 887
32.8288 888
32.8649 889
32.9009 890
32.9369 890
32.973 891
33.009 892
33.045 893
33.0811 894
33.1171 895
33.1532 896
33.1892 897
33.2252 898
33.2613 899
33.2973 900
33.3333 901
33.3694 902
33.4054 902
33.4414 903
33.4775 904
33.5135 905
33.5495 906
33.5856 907
33.6216 908
33.6577 909
33.6937 910
33.7297 911
33.7658 912
33.8018 913
33.8378 914
33.8739 915
33.9099 916
33.9459 917
33.982 918
34.018 919
34.0541 920
34.0901 921
34.1261 922
34.1622 923
34.1982 924
34.2342 925
34.2703 926
34.3063 927
34.3423 928
34.3784 929
34.4144 930
34.4505 931
34.4865 932
34.5225 933
34.5586 934
34.5946 935
34.6306 935
34.6667 936
34.7027 937
34.7387 938
34.7748 939
34.8108 940
34.8468 941
34.8829 941
34.9189 942
34.955 942
34.991 943
35.027 944
35.0631 945
35.0991 946
35.1351 947
35.1712 948
35.2072 949
35.2432 949
35.2793 950
35.3153 951
35.3514 952
35.3874 953
35.4234 954
35.4595 955
35.4955 956
35.5315 956
35.5676 957
35.6036 958
35.6396 958
35.6757 959
35.7117 960
35.7477 961
35.7838 962
35.8198 963
35.8559 964
35.8919 964
35.9279 965
35.964 966
36 967
36.036 968
36.0721 969
36.1081 970
36.1441 971
36.1802 972
36.2162 973
36.2523 974
36.2883 975
36.3243 975
36.3604 976
36.3964 977
36.4324 978
36.4685 979
36.5045 980
36.5405 981
36.5766 982
36.6126 983
36.6486 984
36.6847 985
36.7207 986
36.7568 986
36.7928 987
36.8288 987
36.8649 988
36.9009 989
36.9369 990
36.973 991
37.009 991
37.045 992
37.0811 993
37.1171 994
37.1532 995
37.1892 996
37.2252 997
37.2613 998
37.2973 999
37.3333 999
37.3694 1000
37.4054 1001
37.4414 1002
37.4775 1003
37.5135 1004
37.5495 1005
37.5856 1006
37.6216 1007
37.6577 1008
37.6937 1009
37.7297 1010
37.7658 1011
37.8018 1012
37.8378 1013
37.8739 1014
37.9099 1015
37.9459 1015
37.982 1016
38.018 1017
38.0541 1018
38.0901 1019
38.1261 1020
38.1622 1021
38.1982 1022
38.2342 1023
38.2703 1023
38.3063 1024
38.3423 1025
38.3784 1025
38.4144 1026
38.4505 1027
38.4865 1028
38.5225 1029
38.5586 1030
38.5946 1031
38.6306 1032
38.6667 1033
38.7027 1034
38.7387 1035
38.7748 1036
38.8108 1037
38.8468 1038
38.8829 1039
38.9189 1040
38.955 1041
38.991 1042
39.027 1043
39.0631 1044
39.0991 1045
39.1351 1046
39.1712 1047
39.2072 1048
39.2432 1049
39.2793 1050
39.3153 1051
39.3514 1052
39.3874 1053
39.4234 1054
39.4595 1055
39.4955 1056
39.5315 1057
39.5676 1057
39.6036 1058
39.6396 1059
39.6757 1059
39.7117 1060
39.7477 1061
39.7838 1062
39.8198 1063
39.8559 1064
39.8919 1065
39.9279 1066
39.964 1067
40 1068
40.036 1069
40.0721 1069
40.1081 1070
40.1441 1071
40.1802 1072
40.2162 1073
40.2523 1073
40.2883 1074
40.3243 1075
40.3604 1076
40.3964 1077
40.4324 1078
40.4685 1079
40.5045 1080
40.5405 1081
40.5766 1082
40.6126 1083
40.6486 1084
40.6847 1084
40.7207 1085
40.7568 1085
40.7928 1086
40.8288 1086
40.8649 1087
40.9009 1087
40.9369 1088
40.973 1089
41.009 1089
41.045 1090
41.0811 1091
41.1171 1092
41.1532 1093
41.1892 1094
41.2252 1095
41.2613 1096
41.2973 1097
41.3333 1098
41.3694 1098
41.4054 1099
41.4414 1100
41.4775 1101
41.5135 1102
41.5495 1103
41.5856 1104
41.6216 1105
41.6577 1106
41.6937 1107
41.7297 1108
41.7658 1109
41.8018 1110
41.8378 1111
41.8739 1112
41.9099 1113
41.9459 1114
41.982 1115
42.018 1116
42.0541 1117
42.0901 1118
42.1261 1119
42.1622 1120
42.1982 1121
42.2342 1122
42.2703 1123
42.3063 1124
42.3423 1125
42.3784 1126
42.4144 1127
42.4505 1128
42.4865 1129
42.5225 1130
42.5586 1131
42.5946 1132
42.6306 1133
42.6667 1134
42.7027 1135
42.7387 1136
42.7748 1137
42.8108 1138
42.8468 1139
42.8829 1140
42.9189 1141
42.955 1142
42.991 1143
43.027 1144
43.0631 1145
43.0991 1146
43.1351 1147
43.1712 1148
43.2072 1149
43.2432 1150
43.2793 1151
43.3153 1152
43.3514 1153
43.3874 1154
43.4234 1155
43.4595 1156
43.4955 1157
43.5315 1158
43.5676 1159
43.6036 1160
43.6396 1161
43.6757 1162
43.7117 1163
43.7477 1164
43.7838 1165
43.8198 1166
43.8559 1167
43.8919 1168
43.9279 1169
43.964 1170
44 1171
44.036 1172
44.0721 1173
44.1081 1174
44.1441 1175
44.1802 1176
44.2162 1177
44.2523 1178
44.2883 1179
44.3243 1180
44.3604 1181
44.3964 1182
44.4324 1183
44.4685 1184
44.5045 1185
44.5405 1186
44.5766 1187
44.6126 1188
44.6486 1189
44.6847 1190
44.7207 1191
44.7568 1192
44.7928 1192
44.8288 1193
44.8649 1194
44.9009 1195
44.9369 1196
44.973 1197
45.009 1198
45.045 1198
45.0811 1199
45.1171 1200
45.1532 1201
45.1892 1202
45.2252 1203
45.2613 1203
45.2973 1204
45.3333 1205
45.3694 1206
45.4054 1207
45.4414 1207
45.4775 1208
45.5135 1209
45.5495 1210
45.5856 1211
45.6216 1212
45.6577 1213
45.6937 1214
45.7297 1215
45.7658 1216
45.8018 1217
45.8378 1218
45.8739 1219
45.9099 1220
45.9459 1221
45.982 1222
46.018 1223
46.0541 1224
46.0901 1225
46.1261 1226
46.1622 1227
46.1982 1228
46.2342 1229
46.2703 1230
46.3063 1231
46.3423 1232
46.3784 1233
46.4144 1233
46.4505 1234
46.4865 1235
46.5225 1236
46.5586 1237
46.5946 1238
46.6306 1239
46.6667 1240
46.7027 1241
46.7387 1242
46.7748 1243
46.8108 1244
46.8468 1245
46.8829 1246
46.9189 1247
46.955 1247
46.991 1248
47.027 1249
47.0631 1250
47.0991 1251
47.1351 1252
47.1712 1253
47.2072 1254
47.2432 1254
47.2793 1255
47.3153 1256
47.3514 1257
47.3874 1258
47.4234 1259
47.4595 1260
47.4955 1261
47.5315 1262
47.5676 1263
47.6036 1264
47.6396 1265
47.6757 1266
47.7117 1267
47.7477 1268
47.7838 1269
47.8198 1270
47.8559 1271
47.8919 1272
47.9279 1273
47.964 1274
48 1275
48.036 1276
48.0721 1277
48.1081 1278
48.1441 1279
48.1802 1280
48.2162 1281
48.2523 1282
48.2883 1283
48.3243 1284
48.3604 1285
48.3964 1286
48.4324 1287
48.4685 1288
48.5045 1289
48.5405 1290
48.5766 1291
48.6126 1292
48.6486 1293
48.6847 1293
48.7207 1294
48.7568 1295
48.7928 1295
48.8288 1296
48.8649 1296
48.9009 1297
48.9369 1298
48.973 1299
49.009 1300
49.045 1301
49.0811 1302
49.1171 1303
49.1532 1304
49.1892 1305
49.2252 1306
49.2613 1307
49.2973 1307
49.3333 1308
49.3694 1309
49.4054 1310
49.4414 1311
49.4775 1312
49.5135 1313
49.5495 1313
49.5856 1314
49.6216 1314
49.6577 1315
49.6937 1316
49.7297 1317
49.7658 1318
49.8018 1319
49.8378 1319
49.8739 1320
49.9099 1321
49.9459 1322
49.982 1323
50.018 1324
50.0541 1325
50.0901 1326
50.1261 1327
50.1622 1328
50.1982 1328
50.2342 1329
50.2703 1330
50.3063 1331
50.3423 1332
50.3784 1333
50.4144 1334
50.4505 1335
50.4865 1336
50.5225 1336
50.5586 1337
50.5946 1338
50.6306 1339
50.6667 1340
50.7027 1341
50.7387 1342
50.7748 1342
50.8108 1343
50.8468 1343
50.8829 1344
50.9189 1345
50.955 1346
50.991 1347
51.027 1347
51.0631 1348
51.0991 1349
51.1351 1350
51.1712 1351
51.2072 1352
51.2432 1353
51.2793 1354
51.3153 1355
51.3514 1356
51.3874 1357
51.4234 1358
51.4595 1359
51.4955 1360
51.5315 1361
51.5676 1362
51.6036 1363
51.6396 1364
51.6757 1365
51.7117 1366
51.7477 1367
51.7838 1368
51.8198 1369
51.8559 1370
51.8919 1371
51.9279 1372
51.964 1373
52 1374
52.036 1375
52.0721 1375
52.1081 1376
52.1441 1377
52.1802 1378
52.2162 1379
52.2523 1380
52.2883 1381
52.3243 1381
52.3604 1382
52.3964 1383
52.4324 1384
52.4685 1385
52.5045 1386
52.5405 1387
52.5766 1388
52.6126 1389
52.6486 1390
52.6847 1391
52.7207 1392
52.7568 1393
52.7928 1394
52.8288 1395
52.8649 1396
52.9009 1397
52.9369 1398
52.973 1399
53.009 1400
53.045 1401
53.0811 1402
