0.0361141 2
0.0722282 3
0.108342 4
0.144456 5
0.180571 6
0.216685 7
0.252799 8
0.288913 9
0.325027 10
0.361141 11
0.397255 12
0.433369 13
0.469484 14
0.505598 15
0.541712 16
0.577826 17
0.61394 18
0.650054 19
0.686168 20
0.722282 21
0.758397 22
0.794511 23
0.830625 24
0.866739 25
0.902853 26
0.938967 27
0.975081 28
1.0112 29
1.04731 30
1.08342 31
1.11954 32
1.15565 32
1.19177 33
1.22788 34
1.26399 35
1.30011 36
1.33622 37
1.37234 38
1.40845 39
1.44456 40
1.48068 41
1.51679 42
1.55291 43
1.58902 44
1.62514 45
1.66125 46
1.69736 47
1.73348 48
1.76959 49
1.80571 50
1.84182 51
1.87793 52
1.91405 53
1.95016 54
1.98628 55
2.02239 56
2.0585 57
2.09462 58
2.13073 59
2.16685 60
2.20296 61
2.23908 62
2.27519 63
2.3113 64
2.34742 65
2.38353 66
2.41965 67
2.45576 68
2.49187 69
2.52799 70
2.5641 71
2.60022 72
2.63633 73
2.67244 74
2.70856 75
2.74467 76
2.78079 77
2.8169 78
2.85302 79
2.88913 80
2.92524 81
2.96136 82
2.99747 83
3.03359 84
3.0697 85
3.10581 86
3.14193 87
3.17804 88
3.21416 89
3.25027 90
3.28638 91
3.3225 92
3.35861 93
3.39473 94
3.43084 95
3.46696 96
3.50307 97
3.53918 98
3.5753 99
3.61141 100
3.64753 101
3.68364 102
3.71975 103
3.75587 104
3.79198 105
3.8281 106
3.86421 107
3.90033 108
3.93644 109
3.97255 110
4.00867 111
4.04478 112
4.0809 113
4.11701 114
4.15312 115
4.18924 116
4.22535 117
4.26147 118
4.29758 119
4.33369 120
4.36981 121
4.40592 122
4.44204 123
4.47815 124
4.51427 125
4.55038 126
4.58649 127
4.62261 127
4.65872 128
4.69484 129
4.73095 130
4.76706 131
4.80318 132
4.83929 132
4.87541 133
4.91152 133
4.94763 134
4.98375 135
5.01986 136
5.05598 136
5.09209 137
5.12821 138
5.16432 139
5.20043 140
5.23655 140
5.27266 141
5.30878 142
5.34489 143
5.381 144
5.41712 145
5.45323 146
5.48935 147
5.52546 148
5.56157 149
5.59769 150
5.6338 151
5.66992 152
5.70603 153
5.74215 154
5.77826 155
5.81437 156
5.85049 157
5.8866 158
5.92272 159
5.95883 160
5.99494 161
6.03106 162
6.06717 163
6.10329 164
6.1394 165
6.17551 166
6.21163 167
6.24774 168
6.28386 169
6.31997 170
6.35609 171
6.3922 172
6.42831 173
6.46443 174
6.50054 175
6.53666 176
6.57277 177
6.60888 178
6.645 179
6.68111 180
6.71723 181
6.75334 182
6.78945 183
6.82557 184
6.86168 185
6.8978 186
6.93391 187
6.97003 188
7.00614 189
7.04225 190
7.07837 191
7.11448 192
7.1506 193
7.18671 194
7.22282 195
7.25894 196
7.29505 197
7.33117 198
7.36728 199
7.40339 200
7.43951 201
7.47562 202
7.51174 203
7.54785 204
7.58397 205
7.62008 206
7.65619 207
7.69231 208
7.72842 209
7.76454 210
7.80065 211
7.83676 212
7.87288 213
7.90899 214
7.94511 215
7.98122 216
8.01733 217
8.05345 218
8.08956 219
8.12568 220
8.16179 221
8.19791 222
8.23402 223
8.27013 224
8.30625 225
8.34236 226
8.37848 227
8.41459 228
8.4507 229
8.48682 230
8.52293 231
8.55905 232
8.59516 233
8.63127 234
8.66739 235
8.7035 236
8.73962 237
8.77573 238
8.81185 239
8.84796 240
8.88407 241
8.92019 242
8.9563 243
8.99242 244
9.02853 245
9.06464 246
9.10076 247
9.13687 248
9.17299 249
9.2091 250
9.24521 251
9.28133 252
9.31744 253
9.35356 254
9.38967 255
9.42579 256
9.4619 257
9.49801 258
9.53413 259
9.57024 260
9.60636 261
9.64247 262
9.67858 263
9.7147 264
9.75081 265
9.78693 266
9.82304 267
9.85915 268
9.89527 269
9.93138 270
9.9675 271
10.0036 272
10.0397 273
10.0758 274
10.112 275
10.1481 276
10.1842 277
10.2203 278
10.2564 279
10.2925 280
10.3286 281
10.3648 282
10.4009 283
10.437 284
10.4731 285
10.5092 286
10.5453 287
10.5814 288
10.6176 289
10.6537 290
10.6898 291
10.7259 292
10.762 293
10.7981 294
10.8342 295
10.8704 296
10.9065 297
10.9426 298
10.9787 299
11.0148 300
11.0509 301
11.087 302
11.1231 303
11.1593 304
11.1954 305
11.2315 306
11.2676 307
11.3037 308
11.3398 309
11.3759 310
11.4121 311
11.4482 312
11.4843 313
11.5204 314
11.5565 315
11.5926 316
11.6287 317
11.6649 318
11.701 319
11.7371 320
11.7732 321
11.8093 322
11.8454 323
11.8815 324
11.9177 325
11.9538 326
11.9899 327
12.026 328
12.0621 329
12.0982 330
12.1343 331
12.1705 332
12.2066 333
12.2427 334
12.2788 335
12.3149 336
12.351 337
12.3871 338
12.4233 339
12.4594 340
12.4955 341
12.5316 342
12.5677 343
12.6038 344
12.6399 345
12.6761 346
12.7122 347
12.7483 348
12.7844 349
12.8205 350
12.8566 351
12.8927 352
12.9289 353
12.965 354
13.0011 355
13.0372 356
13.0733 357
13.1094 358
13.1455 359
13.1817 360
13.2178 361
13.2539 362
13.29 363
13.3261 364
13.3622 365
13.3983 366
13.4345 367
13.4706 368
13.5067 369
13.5428 370
13.5789 371
13.615 372
13.6511 373
13.6873 374
13.7234 375
13.7595 376
13.7956 377
13.8317 378
13.8678 379
13.9039 380
13.9401 381
13.9762 382
14.0123 383
14.0484 384
14.0845 385
14.1206 386
14.1567 387
14.1928 388
14.229 389
14.2651 390
14.3012 391
14.3373 392
14.3734 393
14.4095 394
14.4456 395
14.4818 396
14.5179 397
14.554 398
14.5901 399
14.6262 400
14.6623 401
14.6984 402
14.7346 403
14.7707 404
14.8068 405
14.8429 406
14.879 407
14.9151 408
14.9512 409
14.9874 410
15.0235 411
15.0596 412
15.0957 413
15.1318 414
15.1679 415
15.204 416
15.2402 417
15.2763 418
15.3124 419
15.3485 420
15.3846 421
15.4207 422
15.4568 423
15.493 424
15.5291 425
15.5652 426
15.6013 427
15.6374 428
15.6735 429
15.7096 430
15.7458 431
15.7819 432
15.818 433
15.8541 434
15.8902 435
15.9263 436
15.9624 437
15.9986 438
16.0347 439
16.0708 440
16.1069 441
16.143 442
16.1791 443
16.2152 444
16.2514 445
16.2875 446
16.3236 447
16.3597 448
16.3958 449
16.4319 450
16.468 451
16.5042 452
16.5403 453
16.5764 454
16.6125 455
16.6486 456
16.6847 457
16.7208 458
16.757 459
16.7931 460
16.8292 461
16.8653 462
16.9014 463
16.9375 464
16.9736 465
17.0098 466
17.0459 467
17.082 468
17.1181 469
17.1542 470
17.1903 471
17.2264 472
17.2625 473
17.2987 474
17.3348 475
17.3709 476
17.407 477
17.4431 478
17.4792 479
17.5153 480
17.5515 481
17.5876 482
17.6237 483
17.6598 484
17.6959 485
17.732 486
17.7681 487
17.8043 488
17.8404 489
17.8765 490
17.9126 491
17.9487 492
17.9848 493
18.0209 494
18.0571 495
18.0932 496
18.1293 497
18.1654 498
18.2015 499
18.2376 500
18.2737 501
18.3099 502
18.346 503
18.3821 504
18.4182 505
18.4543 506
18.4904 507
18.5265 508
18.5627 509
18.5988 510
18.6349 511
18.671 512
18.7071 513
18.7432 514
18.7793 515
18.8155 516
18.8516 517
18.8877 518
18.9238 519
18.9599 520
18.996 521
19.0321 522
19.0683 523
19.1044 524
19.1405 525
19.1766 526
19.2127 527
19.2488 528
19.2849 529
19.3211 530
19.3572 531
19.3933 532
19.4294 533
19.4655 534
19.5016 535
19.5377 536
19.5739 537
19.61 538
19.6461 539
19.6822 540
19.7183 541
19.7544 542
19.7905 543
19.8267 544
19.8628 545
19.8989 546
19.935 547
19.9711 548
20.0072 549
20.0433 550
20.0795 551
20.1156 552
20.1517 553
20.1878 554
20.2239 555
20.26 556
20.2961 557
20.3322 558
20.3684 559
20.4045 560
20.4406 561
20.4767 562
20.5128 563
20.5489 564
20.585 565
20.6212 566
20.6573 567
20.6934 568
20.7295 569
20.7656 570
20.8017 571
20.8378 572
20.874 573
20.9101 574
20.9462 575
20.9823 576
21.0184 577
21.0545 578
21.0906 579
21.1268 580
21.1629 581
21.199 582
21.2351 583
21.2712 584
21.3073 585
21.3434 586
21.3796 587
21.4157 588
21.4518 589
21.4879 590
21.524 591
21.5601 592
21.5962 593
21.6324 594
21.6685 595
21.7046 596
21.7407 597
21.7768 598
21.8129 599
21.849 600
21.8852 601
21.9213 602
21.9574 603
21.9935 604
22.0296 605
22.0657 606
22.1018 607
22.138 608
22.1741 609
22.2102 610
22.2463 611
22.2824 612
22.3185 613
22.3546 614
22.3908 615
22.4269 616
22.463 617
22.4991 618
22.5352 619
22.5713 620
22.6074 621
22.6436 622
22.6797 623
22.7158 624
22.7519 625
22.788 626
22.8241 627
22.8602 628
22.8964 629
22.9325 630
22.9686 631
23.0047 632
23.0408 633
23.0769 633
23.113 634
23.1492 635
23.1853 636
23.2214 637
23.2575 638
23.2936 639
23.3297 640
23.3658 641
23.402 642
23.4381 643
23.4742 644
23.5103 645
23.5464 646
23.5825 647
23.6186 648
23.6547 649
23.6909 650
23.727 651
23.7631 652
23.7992 653
23.8353 654
23.8714 655
23.9075 656
23.9437 657
23.9798 658
24.0159 659
24.052 660
24.0881 660
24.1242 661
24.1603 662
24.1965 663
24.2326 664
24.2687 665
24.3048 666
24.3409 667
24.377 668
24.4131 669
24.4493 670
24.4854 671
24.5215 672
24.5576 673
24.5937 674
24.6298 675
24.6659 676
24.7021 677
24.7382 678
24.7743 679
24.8104 680
24.8465 681
24.8826 682
24.9187 683
24.9549 684
24.991 685
25.0271 686
25.0632 687
25.0993 688
25.1354 689
25.1715 690
25.2077 691
25.2438 692
25.2799 693
25.316 694
25.3521 695
25.3882 696
25.4243 697
25.4605 698
25.4966 699
25.5327 700
25.5688 701
25.6049 702
25.641 703
25.6771 704
25.7133 705
25.7494 706
25.7855 707
25.8216 708
25.8577 709
25.8938 710
25.9299 711
25.9661 712
26.0022 713
26.0383 714
26.0744 715
26.1105 716
26.1466 717
26.1827 718
26.2189 719
26.255 720
26.2911 721
26.3272 722
26.3633 723
26.3994 724
26.4355 724
26.4717 725
26.5078 726
26.5439 727
26.58 728
26.6161 729
26.6522 730
26.6883 731
26.7244 732
26.7606 733
26.7967 734
26.8328 735
26.8689 736
26.905 737
26.9411 738
26.9772 739
27.0134 740
27.0495 741
27.0856 742
27.1217 743
27.1578 744
27.1939 745
27.23 746
27.2662 747
27.3023 748
27.3384 749
27.3745 750
27.4106 751
27.4467 752
27.4828 753
27.519 754
27.5551 755
27.5912 755
27.6273 756
27.6634 757
27.6995 758
27.7356 759
27.7718 760
27.8079 761
27.844 762
27.8801 763
27.9162 764
27.9523 764
27.9884 765
28.0246 765
28.0607 766
28.0968 766
28.1329 767
28.169 767
28.2051 768
28.2412 769
28.2774 769
28.3135 770
28.3496 770
28.3857 771
28.4218 771
28.4579 772
28.494 773
28.5302 773
28.5663 774
28.6024 774
28.6385 775
28.6746 775
28.7107 776
28.7468 777
28.783 778
28.8191 778
28.8552 779
28.8913 780
28.9274 781
28.9635 782
28.9996 783
29.0358 784
29.0719 785
29.108 786
29.1441 787
29.1802 788
29.2163 789
29.2524 789
29.2886 790
29.3247 791
29.3608 792
29.3969 793
29.433 794
29.4691 795
29.5052 796
29.5414 797
29.5775 798
29.6136 799
29.6497 800
29.6858 801
29.7219 802
29.758 802
29.7941 803
29.8303 804
29.8664 805
29.9025 806
29.9386 807
29.9747 808
30.0108 809
30.0469 810
30.0831 811
30.1192 812
30.1553 813
30.1914 814
30.2275 815
30.2636 816
30.2997 817
30.3359 818
30.372 819
30.4081 820
30.4442 821
30.4803 822
30.5164 823
30.5525 824
30.5887 825
30.6248 826
30.6609 827
30.697 828
30.7331 829
30.7692 830
30.8053 831
30.8415 832
30.8776 833
30.9137 834
30.9498 835
30.9859 836
31.022 837
31.0581 837
31.0943 838
31.1304 839
31.1665 840
31.2026 841
31.2387 842
31.2748 843
31.3109 844
31.3471 845
31.3832 846
31.4193 847
31.4554 848
31.4915 849
31.5276 850
31.5637 851
31.5999 852
31.636 853
31.6721 854
31.7082 855
31.7443 856
31.7804 857
31.8165 858
31.8527 859
31.8888 860
31.9249 861
31.961 862
31.9971 863
32.0332 864
32.0693 865
32.1055 866
32.1416 867
32.1777 868
32.2138 869
32.2499 870
32.286 871
32.3221 872
32.3583 873
32.3944 874
32.4305 875
32.4666 876
32.5027 877
32.5388 878
32.5749 879
32.6111 880
32.6472 881
32.6833 882
32.7194 883
32.7555 884
32.7916 884
32.8277 885
32.8638 886
32.9 887
32.9361 888
32.9722 889
33.0083 890
33.0444 890
33.0805 891
33.1166 892
33.1528 893
33.1889 894
33.225 895
33.2611 896
33.2972 897
33.3333 898
33.3694 899
33.4056 900
33.4417 901
33.4778 902
33.5139 902
33.55 903
33.5861 904
33.6222 905
33.6584 906
33.6945 907
33.7306 908
33.7667 909
33.8028 910
33.8389 911
33.875 912
33.9112 913
33.9473 914
33.9834 915
34.0195 916
34.0556 917
34.0917 918
34.1278 919
34.164 920
34.2001 921
34.2362 922
34.2723 923
34.3084 924
34.3445 925
34.3806 926
34.4168 927
34.4529 928
34.489 929
34.5251 930
34.5612 931
34.5973 932
34.6334 933
34.6696 934
34.7057 935
34.7418 935
34.7779 936
34.814 937
34.8501 938
34.8862 939
34.9224 940
34.9585 941
34.9946 941
35.0307 942
35.0668 942
35.1029 943
35.139 944
35.1752 945
35.2113 946
35.2474 947
35.2835 948
35.3196 949
35.3557 949
35.3918 950
35.428 951
35.4641 952
35.5002 953
35.5363 954
35.5724 955
35.6085 956
35.6446 956
35.6808 957
35.7169 958
35.753 958
35.7891 959
35.8252 960
35.8613 961
35.8974 962
35.9336 963
35.9697 964
36.0058 964
36.0419 965
36.078 966
36.1141 967
36.1502 968
36.1863 969
36.2225 970
36.2586 971
36.2947 972
36.3308 973
36.3669 974
36.403 975
36.4391 975
36.4753 976
36.5114 977
36.5475 978
36.5836 979
36.6197 980
36.6558 981
36.6919 982
36.7281 983
36.7642 984
36.8003 985
36.8364 986
36.8725 986
36.9086 987
36.9447 987
36.9809 988
37.017 989
37.0531 990
37.0892 991
37.1253 991
37.1614 992
37.1975 993
37.2337 994
37.2698 995
37.3059 996
37.342 997
37.3781 998
37.4142 999
37.4503 999
37.4865 1000
37.5226 1001
37.5587 1002
37.5948 1003
37.6309 1004
37.667 1005
37.7031 1006
37.7393 1007
37.7754 1008
37.8115 1009
37.8476 1010
37.8837 1011
37.9198 1012
37.9559 1013
37.9921 1013
38.0282 1014
38.0643 1015
38.1004 1015
38.1365 1016
38.1726 1017
38.2087 1018
38.2449 1019
38.281 1020
38.3171 1021
38.3532 1022
38.3893 1023
38.4254 1023
38.4615 1024
38.4977 1025
38.5338 1025
38.5699 1026
38.606 1027
38.6421 1028
38.6782 1029
38.7143 1030
38.7505 1031
38.7866 1032
38.8227 1033
38.8588 1034
38.8949 1035
38.931 1036
38.9671 1037
39.0033 1038
39.0394 1039
39.0755 1040
39.1116 1041
39.1477 1042
39.1838 1043
39.2199 1044
39.256 1045
39.2922 1046
39.3283 1047
39.3644 1048
39.4005 1049
39.4366 1050
39.4727 1051
39.5088 1052
39.545 1053
39.5811 1054
39.6172 1055
39.6533 1056
39.6894 1057
39.7255 1057
39.7616 1058
39.7978 1059
39.8339 1059
39.87 1060
39.9061 1061
39.9422 1062
39.9783 1063
40.0144 1064
40.0506 1065
40.0867 1066
40.1228 1067
40.1589 1068
40.195 1069
40.2311 1069
40.2672 1070
40.3034 1071
40.3395 1072
40.3756 1073
40.4117 1073
40.4478 1074
40.4839 1075
40.52 1076
40.5562 1077
40.5923 1078
40.6284 1079
40.6645 1080
40.7006 1081
40.7367 1082
40.7728 1083
40.809 1084
40.8451 1084
40.8812 1085
40.9173 1085
40.9534 1086
40.9895 1086
41.0256 1087
41.0618 1087
41.0979 1088
41.134 1089
41.1701 1089
41.2062 1090
41.2423 1091
41.2784 1092
41.3146 1093
41.3507 1094
41.3868 1095
41.4229 1096
41.459 1097
41.4951 1098
41.5312 1098
41.5674 1099
41.6035 1100
41.6396 1101
41.6757 1102
41.7118 1103
41.7479 1104
41.784 1105
41.8202 1106
41.8563 1107
41.8924 1108
41.9285 1109
41.9646 1110
42.0007 1111
42.0368 1112
42.073 1113
42.1091 1114
42.1452 1115
42.1813 1116
42.2174 1117
42.2535 1118
42.2896 1119
42.3257 1120
42.3619 1121
42.398 1122
42.4341 1123
42.4702 1124
42.5063 1125
42.5424 1126
42.5785 1127
42.6147 1128
42.6508 1129
42.6869 1130
42.723 1131
42.7591 1132
42.7952 1133
42.8313 1134
42.8675 1135
42.9036 1136
42.9397 1137
42.9758 1138
43.0119 1139
43.048 1140
43.0841 1141
43.1203 1142
43.1564 1143
43.1925 1144
43.2286 1145
43.2647 1146
43.3008 1147
43.3369 1148
43.3731 1149
43.4092 1150
43.4453 1151
43.4814 1152
43.5175 1153
43.5536 1154
43.5897 1155
43.6259 1155
43.662 1155
43.6981 1155
43.7342 1156
43.7703 1157
43.8064 1158
43.8425 1159
43.8787 1160
43.9148 1161
43.9509 1162
43.987 1163
44.0231 1164
44.0592 1165
44.0953 1166
44.1315 1167
44.1676 1168
44.2037 1169
44.2398 1170
44.2759 1171
44.312 1172
44.3481 1173
44.3843 1174
44.4204 1175
44.4565 1176
44.4926 1177
44.5287 1178
44.5648 1179
44.6009 1180
44.6371 1181
44.6732 1182
44.7093 1183
44.7454 1184
44.7815 1185
44.8176 1186
44.8537 1187
44.8899 1187
44.926 1188
44.9621 1189
44.9982 1190
45.0343 1191
45.0704 1192
45.1065 1193
45.1427 1193
45.1788 1194
45.2149 1195
45.251 1196
45.2871 1197
45.3232 1198
45.3593 1198
45.3954 1199
45.4316 1200
45.4677 1201
45.5038 1202
45.5399 1202
45.576 1203
45.6121 1204
45.6482 1205
45.6844 1206
45.7205 1206
45.7566 1207
45.7927 1208
45.8288 1209
45.8649 1210
45.901 1211
45.9372 1212
45.9733 1213
46.0094 1214
46.0455 1215
46.0816 1216
46.1177 1217
46.1538 1218
46.19 1219
46.2261 1220
46.2622 1221
46.2983 1222
46.3344 1223
46.3705 1224
46.4066 1225
46.4428 1226
46.4789 1227
46.515 1228
46.5511 1228
46.5872 1229
46.6233 1230
46.6594 1231
46.6956 1232
46.7317 1233
46.7678 1234
46.8039 1235
46.84 1236
46.8761 1237
46.9122 1238
46.9484 1239
46.9845 1240
47.0206 1241
47.0567 1242
47.0928 1242
47.1289 1243
47.165 1244
47.2012 1245
47.2373 1246
47.2734 1247
47.3095 1248
47.3456 1249
47.3817 1249
47.4178 1250
47.454 1251
47.4901 1252
47.5262 1253
47.5623 1254
47.5984 1255
47.6345 1256
47.6706 1257
47.7068 1258
47.7429 1259
47.779 1260
47.8151 1261
47.8512 1262
47.8873 1263
47.9234 1264
47.9596 1265
47.9957 1266
48.0318 1267
48.0679 1268
48.104 1269
48.1401 1270
48.1762 1271
48.2124 1272
48.2485 1273
48.2846 1274
48.3207 1275
48.3568 1276
48.3929 1277
48.429 1278
48.4651 1279
48.5013 1280
48.5374 1281
48.5735 1282
48.6096 1283
48.6457 1284
48.6818 1285
48.7179 1286
48.7541 1287
48.7902 1288
48.8263 1288
48.8624 1289
48.8985 1290
48.9346 1290
48.9707 1291
49.0069 1291
49.043 1292
49.0791 1293
49.1152 1294
49.1513 1295
49.1874 1296
49.2235 1297
49.2597 1298
49.2958 1299
49.3319 1300
49.368 1301
49.4041 1302
49.4402 1302
49.4763 1303
49.5125 1304
49.5486 1305
49.5847 1306
49.6208 1307
49.6569 1308
49.693 1308
49.7291 1309
49.7653 1309
49.8014 1310
49.8375 1311
49.8736 1312
49.9097 1313
49.9458 1314
49.9819 1314
50.0181 1315
50.0542 1316
50.0903 1317
50.1264 1318
50.1625 1319
50.1986 1320
50.2347 1321
50.2709 1322
50.307 1323
50.3431 1323
50.3792 1324
50.4153 1325
50.4514 1326
50.4875 1327
50.5237 1328
50.5598 1329
50.5959 1330
50.632 1331
50.6681 1331
50.7042 1332
50.7403 1333
50.7765 1334
50.8126 1335
50.8487 1336
50.8848 1337
50.9209 1337
50.957 1338
50.9931 1338
51.0293 1339
51.0654 1340
51.1015 1341
51.1376 1342
51.1737 1342
51.2098 1343
51.2459 1344
51.2821 1345
51.3182 1346
51.3543 1347
51.3904 1348
51.4265 1349
51.4626 1350
51.4987 1351
51.5349 1352
51.571 1353
51.6071 1354
51.6432 1355
51.6793 1356
51.7154 1357
51.7515 1358
51.7876 1359
51.8238 1360
51.8599 1361
51.896 1362
51.9321 1363
51.9682 1364
52.0043 1365
52.0404 1366
52.0766 1367
52.1127 1368
52.1488 1369
52.1849 1370
52.221 1370
52.2571 1371
52.2932 1372
52.3294 1373
52.3655 1374
52.4016 1375
52.4377 1376
52.4738 1376
52.5099 1377
52.546 1378
52.5822 1379
52.6183 1380
52.6544 1381
52.6905 1382
52.7266 1383
52.7627 1384
52.7988 1385
52.835 1386
52.8711 1387
52.9072 1388
52.9433 1389
52.9794 1390
53.0155 1391
53.0516 1392
53.0878 1393
53.1239 1394
53.16 1395
53.1961 1396
53.2322 1397
53.2683 1398
53.3044 1399
53.3406 1400
53.3767 1401
53.4128 1402
53.4489 1403
53.485 1404
53.5211 1404
53.5572 1405
53.5934 1406
53.6295 1407
53.6656 1408
53.7017 1409
53.7378 1410
53.7739 1411
53.81 1412
53.8462 1413
53.8823 1414
53.9184 1415
53.9545 1416
53.9906 1417
54.0267 1418
54.0628 1419
54.099 1420
54.1351 1421
54.1712 1422
54.2073 1423
54.2434 1424
54.2795 1425
54.3156 1426
54.3518 1427
54.3879 1428
54.424 1429
54.4601 1430
54.4962 1431
54.5323 1432
54.5684 1432
54.6046 1433
54.6407 1434
54.6768 1435
54.7129 1436
54.749 1437
54.7851 1438
54.8212 1439
54.8573 1440
54.8935 1441
54.9296 1442
54.9657 1443
55.0018 1444
55.0379 1445
55.074 1446
55.1101 1447
55.1463 1448
55.1824 1449
55.2185 1450
55.2546 1451
55.2907 1452
55.3268 1453
55.3629 1454
55.3991 1455
55.4352 1456
55.4713 1457
55.5074 1458
55.5435 1459
55.5796 1460
55.6157 1461
55.6519 1462
55.688 1463
55.7241 1464
55.7602 1465
55.7963 1466
55.8324 1467
55.8685 1468
55.9047 1469
55.9408 1470
55.9769 1471
56.013 1472
56.0491 1473
56.0852 1474
56.1213 1475
56.1575 1476
56.1936 1477
56.2297 1477
56.2658 1478
56.3019 1479
56.338 1480
56.3741 1481
56.4103 1482
56.4464 1483
56.4825 1484
56.5186 1485
56.5547 1486
56.5908 1487
56.6269 1488
56.6631 1489
56.6992 1490
56.7353 1491
56.7714 1492
56.8075 1493
56.8436 1494
56.8797 1495
56.9159 1496
56.952 1496
56.9881 1497
57.0242 1498
57.0603 1499
57.0964 1499
57.1325 1500
57.1687 1501
57.2048 1502
57.2409 1503
57.277 1504
57.3131 1505
57.3492 1506
57.3853 1507
57.4215 1508
57.4576 1509
57.4937 1510
57.5298 1510
57.5659 1511
57.602 1511
57.6381 1512
57.6743 1512
57.7104 1513
57.7465 1513
57.7826 1514
57.8187 1514
57.8548 1515
57.8909 1516
57.927 1516
57.9632 1517
57.9993 1517
58.0354 1518
58.0715 1519
58.1076 1520
58.1437 1521
58.1798 1521
58.216 1522
58.2521 1522
58.2882 1523
58.3243 1524
58.3604 1525
58.3965 1526
58.4326 1527
58.4688 1528
58.5049 1529
58.541 1530
58.5771 1531
58.6132 1532
58.6493 1533
58.6854 1534
58.7216 1535
58.7577 1536
58.7938 1537
58.8299 1538
58.866 1539
58.9021 1540
58.9382 1541
58.9744 1542
59.0105 1543
59.0466 1544
59.0827 1545
59.1188 1546
59.1549 1547
59.191 1548
59.2272 1549
59.2633 1550
59.2994 1551
59.3355 1552
59.3716 1553
59.4077 1554
59.4438 1555
59.48 1556
59.5161 1557
59.5522 1558
59.5883 1559
59.6244 1560
59.6605 1561
59.6966 1562
59.7328 1563
59.7689 1564
59.805 1565
59.8411 1565
59.8772 1566
59.9133 1566
59.9494 1567
59.9856 1568
60.0217 1569
60.0578 1570
60.0939 1570
60.13 1571
60.1661 1572
60.2022 1573
60.2384 1574
60.2745 1574
60.3106 1575
60.3467 1576
60.3828 1577
60.4189 1577
60.455 1578
60.4912 1579
60.5273 1580
60.5634 1581
60.5995 1582
60.6356 1582
60.6717 1583
60.7078 1583
60.744 1584
60.7801 1585
60.8162 1586
60.8523 1587
60.8884 1588
60.9245 1589
60.9606 1590
60.9967 1591
61.0329 1592
61.069 1593
61.1051 1594
61.1412 1595
61.1773 1596
61.2134 1596
61.2495 1597
61.2857 1598
61.3218 1599
61.3579 1600
61.394 1601
61.4301 1602
61.4662 1603
61.5023 1604
61.5385 1605
61.5746 1606
61.6107 1607
61.6468 1608
61.6829 1609
61.719 1610
61.7551 1611
61.7913 1612
61.8274 1613
61.8635 1614
61.8996 1615
61.9357 1616
61.9718 1617
62.0079 1618
62.0441 1619
62.0802 1620
62.1163 1621
62.1524 1622
62.1885 1623
62.2246 1624
62.2607 1625
62.2969 1626
62.333 1627
62.3691 1628
62.4052 1629
62.4413 1630
62.4774 1630
62.5135 1631
62.5497 1632
62.5858 1633
62.6219 1634
62.658 1635
62.6941 1636
62.7302 1637
62.7663 1638
62.8025 1639
62.8386 1640
62.8747 1641
62.9108 1642
62.9469 1643
62.983 1644
63.0191 1645
63.0553 1646
63.0914 1647
63.1275 1648
63.1636 1649
63.1997 1650
63.2358 1651
63.2719 1652
63.3081 1653
63.3442 1654
63.3803 1654
63.4164 1655
63.4525 1656
63.4886 1657
63.5247 1658
63.5609 1659
63.597 1660
63.6331 1661
63.6692 1662
63.7053 1663
63.7414 1664
63.7775 1665
63.8137 1666
63.8498 1667
63.8859 1668
63.922 1669
63.9581 1670
63.9942 1671
64.0303 1672
64.0664 1673
64.1026 1674
64.1387 1675
64.1748 1676
64.2109 1677
64.247 1678
64.2831 1679
64.3192 1680
64.3554 1681
64.3915 1682
64.4276 1683
64.4637 1684
64.4998 1685
64.5359 1686
64.572 1687
64.6082 1688
64.6443 1689
64.6804 1689
64.7165 1690
64.7526 1691
64.7887 1692
64.8248 1693
64.861 1694
64.8971 1695
64.9332 1696
64.9693 1697
65.0054 1698
65.0415 1699
65.0776 1700
65.1138 1701
65.1499 1702
65.186 1703
65.2221 1704
65.2582 1705
65.2943 1705
65.3304 1706
65.3666 1707
65.4027 1708
65.4388 1709
65.4749 1710
65.511 1711
65.5471 1712
65.5832 1713
65.6194 1714
65.6555 1715
65.6916 1716
65.7277 1717
65.7638 1718
65.7999 1719
65.836 1719
65.8722 1720
65.9083 1720
65.9444 1721
65.9805 1721
66.0166 1722
66.0527 1723
66.0888 1724
66.125 1725
66.1611 1726
66.1972 1727
66.2333 1728
66.2694 1729
66.3055 1730
66.3416 1731
66.3778 1732
66.4139 1733
66.45 1734
66.4861 1735
66.5222 1736
66.5583 1737
66.5944 1738
66.6306 1739
66.6667 1740
66.7028 1741
66.7389 1742
66.775 1742
66.8111 1743
66.8472 1743
66.8834 1744
66.9195 1744
66.9556 1745
66.9917 1745
67.0278 1746
67.0639 1747
67.1 1748
67.1362 1749
67.1723 1750
67.2084 1751
67.2445 1752
67.2806 1753
67.3167 1754
67.3528 1755
67.3889 1756
67.4251 1757
67.4612 1758
67.4973 1759
67.5334 1760
67.5695 1761
67.6056 1762
67.6417 1763
67.6779 1764
67.714 1765
67.7501 1766
67.7862 1767
67.8223 1768
67.8584 1769
