0.0355492 2
0.0710985 3
0.106648 4
0.142197 5
0.177746 6
0.213295 7
0.248845 8
0.284394 9
0.319943 10
0.355492 11
0.391042 12
0.426591 13
0.46214 14
0.497689 15
0.533239 16
0.568788 17
0.604337 18
0.639886 19
0.675435 20
0.710985 21
0.746534 22
0.782083 23
0.817632 24
0.853182 25
0.888731 26
0.92428 27
0.959829 28
0.995379 29
1.03093 30
1.06648 31
1.10203 32
1.13758 32
1.17312 33
1.20867 34
1.24422 35
1.27977 36
1.31532 37
1.35087 38
1.38642 39
1.42197 40
1.45752 41
1.49307 42
1.52862 43
1.56417 44
1.59972 45
1.63526 46
1.67081 47
1.70636 48
1.74191 49
1.77746 50
1.81301 51
1.84856 52
1.88411 53
1.91966 54
1.95521 55
1.99076 56
2.02631 57
2.06186 58
2.0974 59
2.13295 60
2.1685 61
2.20405 62
2.2396 63
2.27515 64
2.3107 65
2.34625 66
2.3818 67
2.41735 68
2.4529 69
2.48845 70
2.524 71
2.55954 72
2.59509 73
2.63064 74
2.66619 75
2.70174 76
2.73729 77
2.77284 78
2.80839 79
2.84394 80
2.87949 81
2.91504 82
2.95059 83
2.98614 84
3.02169 85
3.05723 86
3.09278 87
3.12833 88
3.16388 89
3.19943 90
3.23498 91
3.27053 92
3.30608 93
3.34163 94
3.37718 95
3.41273 96
3.44828 97
3.48383 98
3.51937 99
3.55492 100
3.59047 101
3.62602 102
3.66157 103
3.69712 104
3.73267 105
3.76822 106
3.80377 107
3.83932 108
3.87487 109
3.91042 110
3.94597 111
3.98151 112
4.01706 113
4.05261 114
4.08816 115
4.12371 116
4.15926 117
4.19481 118
4.23036 119
4.26591 120
4.30146 121
4.33701 122
4.37256 123
4.40811 124
4.44365 125
4.4792 126
4.51475 127
4.5503 127
4.58585 128
4.6214 129
4.65695 130
4.6925 131
4.72805 132
4.7636 132
4.79915 133
4.8347 133
4.87025 134
4.90579 135
4.94134 136
4.97689 136
5.01244 137
5.04799 138
5.08354 139
5.11909 140
5.15464 140
5.19019 141
5.22574 142
5.26129 143
5.29684 144
5.33239 145
5.36793 146
5.40348 147
5.43903 148
5.47458 149
5.51013 150
5.54568 151
5.58123 152
5.61678 153
5.65233 154
5.68788 155
5.72343 156
5.75898 157
5.79453 158
5.83007 159
5.86562 160
5.90117 161
5.93672 162
5.97227 163
6.00782 164
6.04337 165
6.07892 166
6.11447 167
6.15002 168
6.18557 169
6.22112 170
6.25667 171
6.29221 172
6.32776 173
6.36331 174
6.39886 175
6.43441 176
6.46996 177
6.50551 178
6.54106 179
6.57661 180
6.61216 181
6.64771 182
6.68326 183
6.71881 184
6.75435 185
6.7899 186
6.82545 187
6.861 188
6.89655 189
6.9321 190
6.96765 191
7.0032 192
7.03875 193
7.0743 194
7.10985 195
7.1454 196
7.18095 197
7.21649 198
7.25204 199
7.28759 200
7.32314 201
7.35869 202
7.39424 203
7.42979 204
7.46534 205
7.50089 206
7.53644 207
7.57199 208
7.60754 209
7.64309 210
7.67863 211
7.71418 212
7.74973 213
7.78528 214
7.82083 215
7.85638 216
7.89193 217
7.92748 218
7.96303 219
7.99858 220
8.03413 221
8.06968 222
8.10523 223
8.14077 224
8.17632 225
8.21187 226
8.24742 227
8.28297 228
8.31852 229
8.35407 230
8.38962 231
8.42517 232
8.46072 233
8.49627 234
8.53182 235
8.56737 236
8.60292 237
8.63846 238
8.67401 239
8.70956 240
8.74511 241
8.78066 242
8.81621 243
8.85176 244
8.88731 245
8.92286 246
8.95841 247
8.99396 248
9.02951 249
9.06506 250
9.1006 251
9.13615 252
9.1717 253
9.20725 254
9.2428 255
9.27835 256
9.3139 257
9.34945 258
9.385 259
9.42055 260
9.4561 261
9.49165 262
9.5272 263
9.56274 264
9.59829 265
9.63384 266
9.66939 267
9.70494 268
9.74049 269
9.77604 270
9.81159 271
9.84714 272
9.88269 273
9.91824 274
9.95379 275
9.98934 276
10.0249 277
10.0604 278
10.096 279
10.1315 280
10.1671 281
10.2026 282
10.2382 283
10.2737 284
10.3093 285
10.3448 286
10.3804 287
10.4159 288
10.4515 289
10.487 290
10.5226 291
10.5581 292
10.5937 293
10.6292 294
10.6648 295
10.7003 296
10.7359 297
10.7714 298
10.807 299
10.8425 300
10.8781 301
10.9136 302
10.9492 303
10.9847 304
11.0203 305
11.0558 306
11.0914 307
11.1269 308
11.1625 309
11.198 310
11.2336 311
11.2691 312
11.3047 313
11.3402 314
11.3758 315
11.4113 316
11.4469 317
11.4824 318
11.518 319
11.5535 320
11.5891 321
11.6246 322
11.6601 323
11.6957 324
11.7312 325
11.7668 326
11.8023 327
11.8379 328
11.8734 329
11.909 330
11.9445 331
11.9801 332
12.0156 333
12.0512 334
12.0867 335
12.1223 336
12.1578 337
12.1934 338
12.2289 339
12.2645 340
12.3 341
12.3356 342
12.3711 343
12.4067 344
12.4422 345
12.4778 346
12.5133 347
12.5489 348
12.5844 349
12.62 350
12.6555 351
12.6911 352
12.7266 353
12.7622 354
12.7977 355
12.8333 356
12.8688 357
12.9044 358
12.9399 359
12.9755 360
13.011 361
13.0466 362
13.0821 363
13.1177 364
13.1532 365
13.1888 366
13.2243 367
13.2599 368
13.2954 369
13.331 370
13.3665 371
13.4021 372
13.4376 373
13.4732 374
13.5087 375
13.5443 376
13.5798 377
13.6154 378
13.6509 379
13.6865 380
13.722 381
13.7576 382
13.7931 383
13.8287 384
13.8642 385
13.8998 386
13.9353 387
13.9708 388
14.0064 389
14.0419 390
14.0775 391
14.113 392
14.1486 393
14.1841 394
14.2197 395
14.2552 396
14.2908 397
14.3263 398
14.3619 399
14.3974 400
14.433 401
14.4685 402
14.5041 403
14.5396 404
14.5752 405
14.6107 406
14.6463 407
14.6818 408
14.7174 409
14.7529 410
14.7885 411
14.824 412
14.8596 413
14.8951 414
14.9307 415
14.9662 416
15.0018 417
15.0373 418
15.0729 419
15.1084 420
15.144 421
15.1795 422
15.2151 423
15.2506 424
15.2862 425
15.3217 426
15.3573 427
15.3928 428
15.4284 429
15.4639 430
15.4995 431
15.535 432
15.5706 433
15.6061 434
15.6417 435
15.6772 436
15.7128 437
15.7483 438
15.7839 439
15.8194 440
15.855 441
15.8905 442
15.9261 443
15.9616 444
15.9972 445
16.0327 446
16.0683 447
16.1038 448
16.1394 449
16.1749 450
16.2105 451
16.246 452
16.2815 453
16.3171 454
16.3526 455
16.3882 456
16.4237 457
16.4593 458
16.4948 459
16.5304 460
16.5659 461
16.6015 462
16.637 463
16.6726 464
16.7081 465
16.7437 466
16.7792 467
16.8148 468
16.8503 469
16.8859 470
16.9214 471
16.957 472
16.9925 473
17.0281 474
17.0636 475
17.0992 476
17.1347 477
17.1703 478
17.2058 479
17.2414 480
17.2769 481
17.3125 482
17.348 483
17.3836 484
17.4191 485
17.4547 486
17.4902 487
17.5258 488
17.5613 489
17.5969 490
17.6324 491
17.668 492
17.7035 493
17.7391 494
17.7746 495
17.8102 496
17.8457 497
17.8813 498
17.9168 499
17.9524 500
17.9879 501
18.0235 502
18.059 503
18.0946 504
18.1301 505
18.1657 506
18.2012 507
18.2368 508
18.2723 509
18.3079 510
18.3434 511
18.379 512
18.4145 513
18.4501 514
18.4856 515
18.5212 516
18.5567 517
18.5923 518
18.6278 519
18.6633 520
18.6989 521
18.7344 522
18.77 523
18.8055 524
18.8411 525
18.8766 526
18.9122 527
18.9477 528
18.9833 529
19.0188 530
19.0544 531
19.0899 532
19.1255 533
19.161 534
19.1966 535
19.2321 536
19.2677 537
19.3032 538
19.3388 539
19.3743 540
19.4099 541
19.4454 542
19.481 543
19.5165 544
19.5521 545
19.5876 546
19.6232 547
19.6587 548
19.6943 549
19.7298 550
19.7654 551
19.8009 552
19.8365 553
19.872 554
19.9076 555
19.9431 556
19.9787 557
20.0142 558
20.0498 559
20.0853 560
20.1209 561
20.1564 562
20.192 563
20.2275 564
20.2631 565
20.2986 566
20.3342 567
20.3697 568
20.4053 569
20.4408 570
20.4764 571
20.5119 572
20.5475 573
20.583 574
20.6186 575
20.6541 576
20.6897 577
20.7252 578
20.7608 579
20.7963 580
20.8319 581
20.8674 582
20.903 583
20.9385 584
20.974 585
21.0096 586
21.0451 587
21.0807 588
21.1162 589
21.1518 590
21.1873 591
21.2229 592
21.2584 593
21.294 594
21.3295 595
21.3651 596
21.4006 597
21.4362 598
21.4717 599
21.5073 600
21.5428 601
21.5784 602
21.6139 603
21.6495 604
21.685 605
21.7206 606
21.7561 607
21.7917 608
21.8272 609
21.8628 610
21.8983 611
21.9339 612
21.9694 613
22.005 614
22.0405 615
22.0761 616
22.1116 617
22.1472 618
22.1827 619
22.2183 620
22.2538 621
22.2894 622
22.3249 623
22.3605 624
22.396 625
22.4316 626
22.4671 627
22.5027 628
22.5382 629
22.5738 630
22.6093 631
22.6449 632
22.6804 633
22.716 633
22.7515 634
22.7871 635
22.8226 636
22.8582 637
22.8937 638
22.9293 639
22.9648 640
23.0004 641
23.0359 642
23.0715 643
23.107 644
23.1426 645
23.1781 646
23.2137 647
23.2492 648
23.2847 649
23.3203 650
23.3558 651
23.3914 652
23.4269 653
23.4625 654
23.498 655
23.5336 656
23.5691 657
23.6047 658
23.6402 659
23.6758 660
23.7113 660
23.7469 661
23.7824 662
23.818 663
23.8535 664
23.8891 665
23.9246 666
23.9602 667
23.9957 668
24.0313 669
24.0668 670
24.1024 671
24.1379 672
24.1735 673
24.209 674
24.2446 675
24.2801 676
24.3157 677
24.3512 678
24.3868 679
24.4223 680
24.4579 681
24.4934 682
24.529 683
24.5645 684
24.6001 685
24.6356 686
24.6712 687
24.7067 688
24.7423 689
24.7778 690
24.8134 691
24.8489 692
24.8845 693
24.92 694
24.9556 695
24.9911 696
25.0267 697
25.0622 698
25.0978 699
25.1333 700
25.1689 701
25.2044 702
25.24 703
25.2755 704
25.3111 705
25.3466 706
25.3822 707
25.4177 708
25.4533 709
25.4888 710
25.5244 711
25.5599 712
25.5954 713
25.631 714
25.6665 715
25.7021 716
25.7376 717
25.7732 718
25.8087 719
25.8443 720
25.8798 721
25.9154 722
25.9509 723
25.9865 724
26.022 724
26.0576 725
26.0931 726
26.1287 727
26.1642 728
26.1998 729
26.2353 730
26.2709 731
26.3064 732
26.342 733
26.3775 734
26.4131 735
26.4486 736
26.4842 737
26.5197 738
26.5553 739
26.5908 740
26.6264 741
26.6619 742
26.6975 743
26.733 744
26.7686 745
26.8041 746
26.8397 747
26.8752 748
26.9108 749
26.9463 750
26.9819 751
27.0174 752
27.053 753
27.0885 754
27.1241 755
27.1596 755
27.1952 756
27.2307 757
27.2663 758
27.3018 759
27.3374 760
27.3729 761
27.4085 762
27.444 763
27.4796 764
27.5151 764
27.5507 765
27.5862 765
27.6218 766
27.6573 766
27.6929 767
27.7284 767
27.764 768
27.7995 769
27.8351 769
27.8706 770
27.9062 770
27.9417 771
27.9772 771
28.0128 772
28.0483 773
28.0839 773
28.1194 774
28.155 774
28.1905 775
28.2261 775
28.2616 776
28.2972 777
28.3327 778
28.3683 778
28.4038 779
28.4394 780
28.4749 781
28.5105 782
28.546 783
28.5816 784
28.6171 785
28.6527 786
28.6882 787
28.7238 788
28.7593 789
28.7949 789
28.8304 790
28.866 791
28.9015 792
28.9371 793
28.9726 794
29.0082 795
29.0437 796
29.0793 797
29.1148 798
29.1504 799
29.1859 800
29.2215 801
29.257 802
29.2926 802
29.3281 803
29.3637 804
29.3992 805
29.4348 806
29.4703 807
29.5059 808
29.5414 809
29.577 810
29.6125 811
29.6481 812
29.6836 813
29.7192 814
29.7547 815
29.7903 816
29.8258 817
29.8614 818
29.8969 819
29.9325 820
29.968 821
30.0036 822
30.0391 823
30.0747 824
30.1102 825
30.1458 826
30.1813 827
30.2169 828
30.2524 829
30.2879 830
30.3235 831
30.359 832
30.3946 833
30.4301 834
30.4657 835
30.5012 836
30.5368 837
30.5723 837
30.6079 838
30.6434 839
30.679 840
30.7145 841
30.7501 842
30.7856 843
30.8212 844
30.8567 845
30.8923 846
30.9278 847
30.9634 848
30.9989 849
31.0345 850
31.07 851
31.1056 852
31.1411 853
31.1767 854
31.2122 855
31.2478 856
31.2833 857
31.3189 858
31.3544 859
31.39 860
31.4255 861
31.4611 862
31.4966 863
31.5322 864
31.5677 865
31.6033 866
31.6388 867
31.6744 868
31.7099 869
31.7455 870
31.781 871
31.8166 872
31.8521 873
31.8877 874
31.9232 875
31.9588 876
31.9943 877
32.0299 878
32.0654 879
32.101 880
32.1365 881
32.1721 882
32.2076 883
32.2432 884
32.2787 884
32.3143 885
32.3498 886
32.3854 887
32.4209 888
32.4565 889
32.492 890
32.5276 890
32.5631 891
32.5986 892
32.6342 893
32.6697 894
32.7053 895
32.7408 896
32.7764 897
32.8119 898
32.8475 899
32.883 900
32.9186 901
32.9541 902
32.9897 902
33.0252 903
33.0608 904
33.0963 905
33.1319 906
33.1674 907
33.203 908
33.2385 909
33.2741 910
33.3096 911
33.3452 912
33.3807 913
33.4163 914
33.4518 915
33.4874 916
33.5229 917
33.5585 918
33.594 919
33.6296 920
33.6651 921
33.7007 922
33.7362 923
33.7718 924
33.8073 925
33.8429 926
33.8784 927
33.914 928
33.9495 929
33.9851 930
34.0206 931
34.0562 932
34.0917 933
34.1273 934
34.1628 935
34.1984 935
34.2339 936
34.2695 937
34.305 938
34.3406 939
34.3761 940
34.4117 941
34.4472 941
34.4828 942
34.5183 942
34.5539 943
34.5894 944
34.625 945
34.6605 946
34.6961 947
34.7316 948
34.7672 949
34.8027 949
34.8383 950
34.8738 951
34.9093 952
34.9449 953
34.9804 954
35.016 955
35.0515 956
35.0871 956
35.1226 957
35.1582 958
35.1937 958
35.2293 959
35.2648 960
35.3004 961
35.3359 962
35.3715 963
35.407 964
35.4426 964
35.4781 965
35.5137 966
35.5492 967
35.5848 968
35.6203 969
35.6559 970
35.6914 971
35.727 972
35.7625 973
35.7981 974
35.8336 975
35.8692 975
35.9047 976
35.9403 977
35.9758 978
36.0114 979
36.0469 980
36.0825 981
36.118 982
36.1536 983
36.1891 984
36.2247 985
36.2602 986
36.2958 986
36.3313 987
36.3669 987
36.4024 988
36.438 989
36.4735 990
36.5091 991
36.5446 991
36.5802 992
36.6157 993
36.6513 994
36.6868 995
36.7224 996
36.7579 997
36.7935 998
36.829 999
36.8646 999
36.9001 1000
36.9357 1001
36.9712 1002
37.0068 1003
37.0423 1004
37.0779 1005
37.1134 1006
37.149 1007
37.1845 1008
37.22 1009
37.2556 1010
37.2911 1011
37.3267 1012
37.3622 1013
37.3978 1013
37.4333 1014
37.4689 1015
37.5044 1015
37.54 1016
37.5755 1017
37.6111 1018
37.6466 1019
37.6822 1020
37.7177 1021
37.7533 1022
37.7888 1023
37.8244 1023
37.8599 1024
37.8955 1025
37.931 1025
37.9666 1026
38.0021 1027
38.0377 1028
38.0732 1029
38.1088 1030
38.1443 1031
38.1799 1032
38.2154 1033
38.251 1034
38.2865 1035
38.3221 1036
38.3576 1037
38.3932 1038
38.4287 1039
38.4643 1040
38.4998 1041
38.5354 1042
38.5709 1043
38.6065 1044
38.642 1045
38.6776 1046
38.7131 1047
38.7487 1048
38.7842 1049
38.8198 1050
38.8553 1051
38.8909 1052
38.9264 1053
38.962 1054
38.9975 1055
39.0331 1056
39.0686 1057
39.1042 1057
39.1397 1058
39.1753 1059
39.2108 1059
39.2464 1060
39.2819 1061
39.3175 1062
39.353 1063
39.3886 1064
39.4241 1065
39.4597 1066
39.4952 1067
39.5308 1068
39.5663 1069
39.6018 1069
39.6374 1070
39.6729 1071
39.7085 1072
39.744 1073
39.7796 1073
39.8151 1074
39.8507 1075
39.8862 1076
39.9218 1077
39.9573 1078
39.9929 1079
40.0284 1080
40.064 1081
40.0995 1082
40.1351 1083
40.1706 1084
40.2062 1084
40.2417 1085
40.2773 1085
40.3128 1086
40.3484 1086
40.3839 1087
40.4195 1087
40.455 1088
40.4906 1089
40.5261 1089
40.5617 1090
40.5972 1091
40.6328 1092
40.6683 1093
40.7039 1094
40.7394 1095
40.775 1096
40.8105 1097
40.8461 1098
40.8816 1098
40.9172 1099
40.9527 1100
40.9883 1101
41.0238 1102
41.0594 1103
41.0949 1104
41.1305 1105
41.166 1106
41.2016 1107
41.2371 1108
41.2727 1109
41.3082 1110
41.3438 1111
41.3793 1112
41.4149 1113
41.4504 1114
41.486 1115
41.5215 1116
41.5571 1117
41.5926 1118
41.6282 1119
41.6637 1120
41.6993 1121
41.7348 1122
41.7704 1123
41.8059 1124
41.8415 1125
41.877 1126
41.9125 1127
41.9481 1128
41.9836 1129
42.0192 1130
42.0547 1131
42.0903 1132
42.1258 1133
42.1614 1134
42.1969 1135
42.2325 1136
42.268 1137
42.3036 1138
42.3391 1139
42.3747 1140
42.4102 1141
42.4458 1142
42.4813 1143
42.5169 1144
42.5524 1145
42.588 1146
42.6235 1147
42.6591 1148
42.6946 1149
42.7302 1150
42.7657 1151
42.8013 1152
42.8368 1153
42.8724 1154
42.9079 1155
42.9435 1156
42.979 1157
43.0146 1158
43.0501 1159
43.0857 1160
43.1212 1161
43.1568 1162
43.1923 1163
43.2279 1164
43.2634 1165
43.299 1166
43.3345 1167
43.3701 1168
43.4056 1169
43.4412 1170
43.4767 1171
43.5123 1172
43.5478 1173
43.5834 1174
43.6189 1175
43.6545 1176
43.69 1177
43.7256 1178
43.7611 1179
43.7967 1180
43.8322 1181
43.8678 1182
43.9033 1183
43.9389 1184
43.9744 1185
44.01 1186
44.0455 1187
44.0811 1188
44.1166 1189
44.1522 1190
44.1877 1191
44.2232 1192
44.2588 1192
44.2943 1193
44.3299 1194
44.3654 1195
44.401 1196
44.4365 1197
44.4721 1198
44.5076 1198
44.5432 1199
44.5787 1200
44.6143 1201
44.6498 1202
44.6854 1203
44.7209 1203
44.7565 1204
44.792 1205
44.8276 1206
44.8631 1207
44.8987 1207
44.9342 1208
44.9698 1209
45.0053 1210
45.0409 1211
45.0764 1212
45.112 1213
45.1475 1214
45.1831 1215
45.2186 1216
45.2542 1217
45.2897 1218
45.3253 1219
45.3608 1220
45.3964 1221
45.4319 1222
45.4675 1223
45.503 1224
45.5386 1225
45.5741 1226
45.6097 1227
45.6452 1228
45.6808 1229
45.7163 1230
45.7519 1231
45.7874 1232
45.823 1233
45.8585 1233
45.8941 1234
45.9296 1235
45.9652 1236
46.0007 1237
46.0363 1238
46.0718 1239
46.1074 1240
46.1429 1241
46.1785 1242
46.214 1243
46.2496 1244
46.2851 1245
46.3207 1246
46.3562 1247
46.3918 1247
46.4273 1248
46.4629 1249
46.4984 1250
46.5339 1251
46.5695 1252
46.605 1253
46.6406 1254
46.6761 1254
46.7117 1255
46.7472 1256
46.7828 1257
46.8183 1258
46.8539 1259
46.8894 1260
46.925 1261
46.9605 1262
46.9961 1263
47.0316 1264
47.0672 1265
47.1027 1266
47.1383 1267
47.1738 1268
47.2094 1269
47.2449 1270
47.2805 1271
47.316 1272
47.3516 1273
47.3871 1274
47.4227 1275
47.4582 1276
47.4938 1277
47.5293 1278
47.5649 1279
47.6004 1280
47.636 1281
47.6715 1282
47.7071 1283
47.7426 1284
47.7782 1285
47.8137 1286
47.8493 1287
47.8848 1288
47.9204 1289
47.9559 1290
47.9915 1291
48.027 1292
48.0626 1293
48.0981 1293
48.1337 1294
48.1692 1295
48.2048 1295
48.2403 1296
48.2759 1296
48.3114 1297
48.347 1298
48.3825 1299
48.4181 1300
48.4536 1301
48.4892 1302
48.5247 1303
48.5603 1304
48.5958 1305
48.6314 1306
48.6669 1307
48.7025 1307
48.738 1308
48.7736 1309
48.8091 1310
48.8446 1311
48.8802 1312
48.9157 1313
48.9513 1313
48.9868 1314
49.0224 1314
49.0579 1315
49.0935 1316
49.129 1317
49.1646 1318
49.2001 1319
49.2357 1319
49.2712 1320
49.3068 1321
49.3423 1322
49.3779 1323
49.4134 1324
49.449 1325
49.4845 1326
49.5201 1327
49.5556 1328
49.5912 1328
49.6267 1329
49.6623 1330
49.6978 1331
49.7334 1332
49.7689 1333
49.8045 1334
49.84 1335
49.8756 1336
49.9111 1336
49.9467 1337
49.9822 1338
50.0178 1339
50.0533 1340
50.0889 1341
50.1244 1342
50.16 1342
50.1955 1343
50.2311 1343
50.2666 1344
50.3022 1345
50.3377 1346
50.3733 1347
50.4088 1347
50.4444 1348
50.4799 1349
50.5155 1350
50.551 1351
50.5866 1352
50.6221 1353
50.6577 1354
50.6932 1355
50.7288 1356
50.7643 1357
50.7999 1358
50.8354 1359
50.871 1360
50.9065 1361
50.9421 1362
50.9776 1363
51.0132 1364
51.0487 1365
51.0843 1366
51.1198 1367
51.1554 1368
51.1909 1369
51.2264 1370
51.262 1371
51.2975 1372
51.3331 1373
51.3686 1374
51.4042 1375
51.4397 1375
51.4753 1376
51.5108 1377
51.5464 1378
51.5819 1379
51.6175 1380
51.653 1381
51.6886 1381
51.7241 1382
51.7597 1383
51.7952 1384
51.8308 1385
51.8663 1386
51.9019 1387
51.9374 1388
51.973 1389
52.0085 1390
52.0441 1391
52.0796 1392
52.1152 1393
52.1507 1394
52.1863 1395
52.2218 1396
52.2574 1397
52.2929 1398
52.3285 1399
52.364 1400
52.3996 1401
52.4351 1402
52.4707 1403
52.5062 1404
52.5418 1405
52.5773 1406
52.6129 1407
52.6484 1408
52.684 1409
52.7195 1409
52.7551 1410
52.7906 1411
52.8262 1412
52.8617 1413
52.8973 1414
52.9328 1415
52.9684 1416
53.0039 1417
53.0395 1418
53.075 1419
53.1106 1420
53.1461 1421
53.1817 1422
53.2172 1423
53.2528 1424
53.2883 1425
53.3239 1426
53.3594 1427
53.395 1428
53.4305 1429
53.4661 1430
53.5016 1431
53.5371 1432
53.5727 1433
53.6082 1434
53.6438 1435
53.6793 1436
53.7149 1437
53.7504 1437
53.786 1438
53.8215 1439
53.8571 1440
53.8926 1441
53.9282 1442
53.9637 1443
53.9993 1444
54.0348 1445
54.0704 1446
54.1059 1447
54.1415 1448
54.177 1449
54.2126 1450
54.2481 1451
54.2837 1452
54.3192 1453
54.3548 1454
54.3903 1455
54.4259 1456
54.4614 1457
54.497 1458
54.5325 1459
54.5681 1460
54.6036 1461
54.6392 1462
54.6747 1463
54.7103 1464
54.7458 1465
54.7814 1466
54.8169 1467
54.8525 1468
54.888 1469
54.9236 1470
54.9591 1471
54.9947 1472
55.0302 1473
55.0658 1474
55.1013 1475
55.1369 1476
55.1724 1477
55.208 1478
55.2435 1479
55.2791 1480
55.3146 1481
55.3502 1482
55.3857 1482
55.4213 1483
55.4568 1484
55.4924 1485
55.5279 1486
55.5635 1487
55.599 1488
55.6346 1489
55.6701 1490
55.7057 1491
55.7412 1492
55.7768 1493
55.8123 1494
55.8478 1495
55.8834 1496
55.9189 1497
55.9545 1498
55.99 1499
56.0256 1500
56.0611 1501
56.0967 1501
56.1322 1502
56.1678 1503
56.2033 1504
56.2389 1504
56.2744 1505
56.31 1506
56.3455 1507
56.3811 1508
56.4166 1509
56.4522 1510
56.4877 1511
56.5233 1512
56.5588 1513
56.5944 1514
56.6299 1515
56.6655 1515
56.701 1516
56.7366 1516
56.7721 1517
56.8077 1517
56.8432 1518
56.8788 1518
56.9143 1519
56.9499 1519
56.9854 1520
57.021 1521
57.0565 1522
57.0921 1523
57.1276 1524
57.1632 1525
57.1987 1526
57.2343 1527
57.2698 1528
57.3054 1529
57.3409 1530
57.3765 1531
57.412 1532
57.4476 1533
57.4831 1534
57.5187 1535
57.5542 1536
57.5898 1537
57.6253 1538
57.6609 1539
57.6964 1540
57.732 1541
57.7675 1542
57.8031 1543
57.8386 1544
57.8742 1545
57.9097 1546
57.9453 1547
57.9808 1548
58.0164 1549
58.0519 1550
58.0875 1551
58.123 1552
58.1585 1553
58.1941 1554
58.2296 1555
58.2652 1556
58.3007 1557
58.3363 1558
58.3718 1559
58.4074 1560
58.4429 1561
58.4785 1562
58.514 1563
58.5496 1564
58.5851 1565
58.6207 1566
58.6562 1567
58.6918 1568
58.7273 1569
58.7629 1570
58.7984 1571
58.834 1572
58.8695 1573
58.9051 1574
58.9406 1575
58.9762 1576
59.0117 1577
59.0473 1578
59.0828 1579
59.1184 1579
59.1539 1580
59.1895 1581
59.225 1582
59.2606 1582
59.2961 1583
59.3317 1584
59.3672 1585
59.4028 1586
59.4383 1587
59.4739 1587
59.5094 1588
59.545 1588
59.5805 1589
59.6161 1590
59.6516 1591
59.6872 1592
59.7227 1593
59.7583 1594
59.7938 1595
59.8294 1596
59.8649 1597
59.9005 1598
59.936 1599
59.9716 1600
60.0071 1601
60.0427 1601
60.0782 1602
60.1138 1603
60.1493 1604
60.1849 1605
60.2204 1606
60.256 1607
60.2915 1608
60.3271 1609
60.3626 1610
60.3982 1611
60.4337 1612
60.4692 1613
60.5048 1614
60.5403 1615
60.5759 1616
60.6114 1617
60.647 1618
60.6825 1619
60.7181 1620
60.7536 1621
60.7892 1622
60.8247 1623
60.8603 1624
60.8958 1625
60.9314 1626
60.9669 1627
61.0025 1628
61.038 1629
61.0736 1630
61.1091 1631
61.1447 1632
61.1802 1633
61.2158 1633
61.2513 1634
61.2869 1634
61.3224 1635
61.358 1635
61.3935 1636
61.4291 1637
61.4646 1638
61.5002 1639
61.5357 1640
61.5713 1641
61.6068 1642
61.6424 1643
61.6779 1644
61.7135 1645
61.749 1646
61.7846 1647
61.8201 1648
61.8557 1649
61.8912 1650
61.9268 1651
61.9623 1652
61.9979 1653
62.0334 1654
62.069 1655
62.1045 1656
62.1401 1657
62.1756 1658
62.2112 1659
62.2467 1659
62.2823 1660
62.3178 1661
62.3534 1662
62.3889 1663
62.4245 1664
62.46 1665
62.4956 1666
62.5311 1667
62.5667 1668
62.6022 1669
62.6378 1670
62.6733 1671
62.7089 1672
62.7444 1672
62.78 1673
62.8155 1674
62.851 1675
62.8866 1676
62.9221 1677
62.9577 1678
62.9932 1679
63.0288 1680
63.0643 1681
63.0999 1682
63.1354 1683
63.171 1684
63.2065 1685
63.2421 1686
63.2776 1686
63.3132 1687
63.3487 1687
63.3843 1688
63.4198 1688
63.4554 1689
63.4909 1689
63.5265 1690
63.562 1691
63.5976 1692
63.6331 1693
63.6687 1694
63.7042 1695
63.7398 1696
63.7753 1697
63.8109 1698
63.8464 1699
63.882 1700
63.9175 1701
63.9531 1702
63.9886 1703
64.0242 1704
64.0597 1705
64.0953 1706
64.1308 1707
64.1664 1708
64.2019 1709
64.2375 1710
64.273 1711
64.3086 1712
64.3441 1713
64.3797 1714
64.4152 1715
64.4508 1716
64.4863 1717
64.5219 1718
64.5574 1719
64.593 1720
64.6285 1721
64.6641 1721
64.6996 1722
64.7352 1722
64.7707 1723
64.8063 1723
64.8418 1724
64.8774 1725
64.9129 1726
64.9485 1727
64.984 1728
65.0196 1729
65.0551 1730
65.0907 1731
65.1262 1732
65.1617 1733
65.1973 1734
65.2328 1735
65.2684 1736
65.3039 1737
65.3395 1738
65.375 1739
65.4106 1740
65.4461 1741
65.4817 1742
65.5172 1743
65.5528 1744
65.5883 1744
65.6239 1745
65.6594 1745
65.695 1746
65.7305 1746
65.7661 1747
65.8016 1747
65.8372 1748
65.8727 1749
65.9083 1750
65.9438 1751
65.9794 1752
66.0149 1753
66.0505 1754
66.086 1755
66.1216 1756
66.1571 1757
66.1927 1758
66.2282 1759
66.2638 1760
66.2993 1761
66.3349 1762
66.3704 1763
66.406 1764
66.4415 1765
66.4771 1765
66.5126 1766
66.5482 1767
66.5837 1768
66.6193 1769
66.6548 1770
66.6904 1771
66.7259 1772
66.7615 1773
66.797 1774
66.8326 1775
66.8681 1776
66.9037 1777
66.9392 1778
66.9748 1779
67.0103 1780
67.0459 1781
67.0814 1782
67.117 1783
67.1525 1784
67.1881 1785
67.2236 1786
67.2592 1787
67.2947 1788
67.3303 1789
67.3658 1790
67.4014 1791
67.4369 1792
67.4724 1793
67.508 1794
67.5435 1795
67.5791 1796
67.6146 1797
67.6502 1798
67.6857 1799
67.7213 1800
67.7568 1801
67.7924 1802
67.8279 1803
67.8635 1804
67.899 1805
67.9346 1805
67.9701 1806
68.0057 1806
68.0412 1807
68.0768 1808
68.1123 1809
68.1479 1810
68.1834 1811
68.219 1812
68.2545 1813
68.2901 1813
68.3256 1814
68.3612 1815
68.3967 1816
68.4323 1817
68.4678 1818
68.5034 1819
68.5389 1820
68.5745 1821
68.61 1822
68.6456 1823
68.6811 1824
68.7167 1825
68.7522 1826
68.7878 1827
68.8233 1828
68.8589 1829
68.8944 1830
68.93 1831
68.9655 1832
69.0011 1833
69.0366 1834
69.0722 1835
69.1077 1836
69.1433 1837
69.1788 1838
69.2144 1839
69.2499 1840
69.2855 1841
69.321 1842
69.3566 1843
69.3921 1844
69.4277 1845
69.4632 1846
69.4988 1847
69.5343 1848
69.5699 1849
69.6054 1850
69.641 1851
69.6765 1852
69.7121 1853
69.7476 1854
69.7831 1855
69.8187 1856
69.8542 1857
69.8898 1858
69.9253 1859
69.9609 1860
69.9964 1861
70.032 1862
70.0675 1863
70.1031 1864
70.1386 1865
70.1742 1866
70.2097 1867
70.2453 1868
70.2808 1869
70.3164 1870
70.3519 1871
70.3875 1872
70.423 1873
70.4586 1874
70.4941 1875
70.5297 1876
70.5652 1877
70.6008 1878
70.6363 1879
70.6719 1880
70.7074 1881
70.743 1882
70.7785 1883
70.8141 1884
70.8496 1885
70.8852 1886
70.9207 1887
70.9563 1888
70.9918 1889
71.0274 1890
71.0629 1891
71.0985 1892
71.134 1893
71.1696 1894
71.2051 1895
71.2407 1896
71.2762 1897
71.3118 1898
71.3473 1899
71.3829 1900
71.4184 1901
71.454 1902
71.4895 1903
71.5251 1904
71.5606 1905
71.5962 1906
71.6317 1907
71.6673 1908
71.7028 1909
71.7384 1910
71.7739 1911
71.8095 1912
71.845 1913
71.8806 1914
71.9161 1915
71.9517 1916
71.9872 1917
72.0228 1918
72.0583 1919
72.0938 1920
72.1294 1921
72.1649 1922
72.2005 1923
72.236 1924
72.2716 1925
72.3071 1926
72.3427 1927
72.3782 1928
72.4138 1929
72.4493 1930
72.4849 1931
72.5204 1932
72.556 1933
72.5915 1934
72.6271 1935
72.6626 1936
72.6982 1937
72.7337 1938
72.7693 1939
72.8048 1940
72.8404 1941
72.8759 1942
72.9115 1943
72.947 1944
72.9826 1945
73.0181 1946
73.0537 1947
73.0892 1948
73.1248 1949
73.1603 1950
73.1959 1951
73.2314 1952
73.267 1953
73.3025 1954
73.3381 1955
73.3736 1956
73.4092 1957
73.4447 1958
73.4803 1959
73.5158 1960
73.5514 1961
73.5869 1962
73.6225 1963
73.658 1964
73.6936 1965
73.7291 1966
73.7647 1967
73.8002 1968
73.8358 1969
73.8713 1970
73.9069 1971
73.9424 1972
73.978 1973
74.0135 1974
74.0491 1975
74.0846 1976
74.1202 1977
74.1557 1978
74.1913 1979
74.2268 1980
74.2624 1981
74.2979 1982
74.3335 1983
74.369 1984
74.4046 1985
74.4401 1986
74.4756 1987
74.5112 1988
74.5467 1989
74.5823 1990
74.6178 1991
74.6534 1992
74.6889 1993
74.7245 1994
74.76 1995
74.7956 1996
74.8311 1997
74.8667 1998
74.9022 1999
74.9378 2000
74.9733 2001
75.0089 2002
75.0444 2003
75.08 2004
75.1155 2005
75.1511 2006
75.1866 2007
75.2222 2008
75.2577 2009
75.2933 2010
75.3288 2011
75.3644 2012
75.3999 2013
75.4355 2014
75.471 2015
75.5066 2016
75.5421 2017
75.5777 2018
75.6132 2019
75.6488 2020
75.6843 2021
75.7199 2022
75.7554 2023
75.791 2024
75.8265 2025
75.8621 2026
75.8976 2027
75.9332 2028
75.9687 2029
76.0043 2030
76.0398 2031
76.0754 2032
76.1109 2033
76.1465 2034
76.182 2035
76.2176 2036
76.2531 2037
76.2887 2038
76.3242 2039
76.3598 2040
76.3953 2041
76.4309 2042
76.4664 2043
76.502 2044
76.5375 2045
76.5731 2046
76.6086 2047
76.6442 2048
76.6797 2049
76.7153 2050
76.7508 2051
76.7863 2052
76.8219 2053
76.8574 2054
76.893 2055
76.9285 2056
76.9641 2057
76.9996 2058
77.0352 2059
77.0707 2060
77.1063 2061
77.1418 2062
77.1774 2063
77.2129 2064
77.2485 2065
77.284 2066
77.3196 2067
77.3551 2068
77.3907 2069
77.4262 2070
77.4618 2071
77.4973 2072
77.5329 2073
77.5684 2074
77.604 2075
77.6395 2076
77.6751 2077
77.7106 2078
77.7462 2079
77.7817 2080
77.8173 2081
77.8528 2082
77.8884 2083
77.9239 2084
77.9595 2085
77.995 2086
78.0306 2087
78.0661 2088
78.1017 2089
78.1372 2090
78.1728 2091
78.2083 2092
78.2439 2093
78.2794 2094
78.315 2095
78.3505 2096
78.3861 2097
78.4216 2098
78.4572 2099
78.4927 2100
78.5283 2101
78.5638 2102
78.5994 2103
78.6349 2104
78.6705 2105
78.706 2106
78.7416 2107
78.7771 2108
78.8127 2109
78.8482 2110
78.8838 2111
78.9193 2112
78.9549 2113
78.9904 2114
79.026 2115
79.0615 2116
79.097 2117
79.1326 2118
79.1681 2119
79.2037 2120
79.2392 2121
79.2748 2122
79.3103 2123
79.3459 2124
79.3814 2125
79.417 2126
79.4525 2127
79.4881 2128
79.5236 2129
79.5592 2130
79.5947 2131
79.6303 2132
79.6658 2133
79.7014 2134
79.7369 2135
79.7725 2136
79.808 2137
79.8436 2138
79.8791 2139
79.9147 2140
79.9502 2141
79.9858 2142
80.0213 2143
80.0569 2144
80.0924 2145
80.128 2146
80.1635 2147
80.1991 2148
80.2346 2149
80.2702 2150
80.3057 2151
80.3413 2152
80.3768 2153
80.4124 2154
80.4479 2155
80.4835 2156
80.519 2157
80.5546 2158
80.5901 2159
80.6257 2160
80.6612 2161
80.6968 2162
80.7323 2163
80.7679 2164
80.8034 2165
80.839 2166
80.8745 2167
80.9101 2168
80.9456 2169
80.9812 2170
81.0167 2171
81.0523 2172
81.0878 2173
81.1234 2174
81.1589 2175
81.1945 2176
81.23 2177
81.2656 2178
81.3011 2179
81.3367 2180
81.3722 2181
81.4077 2182
81.4433 2183
81.4788 2184
81.5144 2185
81.5499 2186
81.5855 2187
81.621 2188
81.6566 2189
81.6921 2190
81.7277 2191
81.7632 2192
81.7988 2193
81.8343 2194
81.8699 2195
81.9054 2196
81.941 2197
81.9765 2198
82.0121 2199
82.0476 2200
82.0832 2201
82.1187 2202
82.1543 2203
82.1898 2204
82.2254 2205
82.2609 2206
82.2965 2207
82.332 2208
82.3676 2209
82.4031 2210
82.4387 2211
82.4742 2212
82.5098 2213
82.5453 2214
82.5809 2215
82.6164 2216
82.652 2217
82.6875 2218
82.7231 2219
82.7586 2220
82.7942 2221
82.8297 2222
82.8653 2223
82.9008 2224
82.9364 2225
82.9719 2226
83.0075 2227
83.043 2228
83.0786 2229
83.1141 2230
83.1497 2231
83.1852 2232
83.2208 2233
83.2563 2234
83.2919 2235
83.3274 2236
83.363 2237
83.3985 2238
83.4341 2239
83.4696 2240
83.5052 2241
83.5407 2242
83.5763 2243
83.6118 2244
83.6474 2245
83.6829 2246
83.7185 2247
83.754 2248
83.7895 2249
83.8251 2250
83.8606 2251
83.8962 2252
83.9317 2253
83.9673 2254
84.0028 2255
84.0384 2256
84.0739 2257
84.1095 2258
84.145 2259
84.1806 2260
84.2161 2261
84.2517 2262
84.2872 2263
84.3228 2264
84.3583 2265
84.3939 2265
84.4294 2266
84.465 2267
84.5005 2268
84.5361 2269
84.5716 2270
84.6072 2271
84.6427 2272
84.6783 2273
84.7138 2274
84.7494 2275
84.7849 2276
84.8205 2277
84.856 2278
84.8916 2279
84.9271 2280
84.9627 2281
84.9982 2282
85.0338 2283
85.0693 2284
85.1049 2285
85.1404 2286
85.176 2287
85.2115 2288
85.2471 2289
85.2826 2290
85.3182 2291
85.3537 2292
85.3893 2293
85.4248 2294
85.4604 2295
85.4959 2296
85.5315 2297
85.567 2298
85.6026 2299
85.6381 2300
85.6737 2301
85.7092 2302
85.7448 2303
85.7803 2304
85.8159 2305
85.8514 2306
85.887 2307
85.9225 2308
85.9581 2309
85.9936 2310
86.0292 2311
86.0647 2312
86.1002 2313
86.1358 2314
86.1713 2315
86.2069 2316
86.2424 2317
86.278 2318
86.3135 2319
86.3491 2320
86.3846 2321
86.4202 2322
86.4557 2323
86.4913 2324
86.5268 2325
86.5624 2326
86.5979 2327
86.6335 2328
86.669 2329
86.7046 2330
86.7401 2331
86.7757 2332
86.8112 2333
86.8468 2334
86.8823 2335
86.9179 2336
86.9534 2337
86.989 2338
87.0245 2339
87.0601 2340
87.0956 2341
87.1312 2342
87.1667 2343
87.2023 2344
87.2378 2345
87.2734 2346
87.3089 2347
87.3445 2348
87.38 2349
87.4156 2350
87.4511 2351
87.4867 2352
87.5222 2353
87.5578 2354
87.5933 2355
87.6289 2356
87.6644 2357
87.7 2358
87.7355 2359
87.7711 2360
87.8066 2361
87.8422 2362
87.8777 2363
87.9133 2364
87.9488 2365
87.9844 2366
88.0199 2367
88.0555 2368
88.091 2369
88.1266 2370
88.1621 2371
88.1977 2372
88.2332 2373
88.2688 2374
88.3043 2375
88.3399 2376
88.3754 2377
88.4109 2378
88.4465 2379
88.482 2380
88.5176 2381
88.5531 2382
88.5887 2383
88.6242 2384
88.6598 2385
88.6953 2386
88.7309 2387
88.7664 2388
88.802 2389
88.8375 2390
88.8731 2391
88.9086 2392
88.9442 2393
88.9797 2394
89.0153 2395
89.0508 2396
89.0864 2397
89.1219 2398
89.1575 2399
89.193 2400
89.2286 2401
89.2641 2402
89.2997 2403
89.3352 2404
89.3708 2405
89.4063 2406
89.4419 2407
89.4774 2408
89.513 2409
89.5485 2410
89.5841 2411
89.6196 2412
89.6552 2413
89.6907 2414
89.7263 2415
89.7618 2416
89.7974 2417
89.8329 2418
89.8685 2419
89.904 2420
89.9396 2421
89.9751 2422
90.0107 2423
90.0462 2424
90.0818 2425
90.1173 2426
90.1529 2427
90.1884 2428
90.224 2429
90.2595 2430
90.2951 2431
90.3306 2432
90.3662 2433
90.4017 2434
90.4373 2435
90.4728 2436
90.5084 2437
90.5439 2438
90.5795 2439
90.615 2440
90.6506 2441
90.6861 2442
90.7216 2443
90.7572 2444
90.7927 2445
90.8283 2446
90.8638 2447
90.8994 2448
90.9349 2449
90.9705 2450
91.006 2451
91.0416 2452
91.0771 2453
91.1127 2454
91.1482 2455
91.1838 2456
91.2193 2457
91.2549 2458
91.2904 2459
91.326 2460
91.3615 2461
91.3971 2462
91.4326 2463
91.4682 2464
91.5037 2465
91.5393 2466
91.5748 2467
91.6104 2468
91.6459 2469
91.6815 2470
91.717 2471
91.7526 2472
91.7881 2473
91.8237 2474
91.8592 2475
91.8948 2476
91.9303 2477
91.9659 2478
92.0014 2479
92.037 2480
92.0725 2481
92.1081 2482
92.1436 2483
92.1792 2484
92.2147 2485
92.2503 2486
92.2858 2487
92.3214 2488
92.3569 2489
92.3925 2490
92.428 2491
92.4636 2492
92.4991 2493
92.5347 2494
92.5702 2495
92.6058 2496
92.6413 2497
92.6769 2498
92.7124 2499
92.748 2500
92.7835 2501
92.8191 2502
92.8546 2503
92.8902 2504
92.9257 2505
92.9613 2506
92.9968 2507
93.0323 2508
93.0679 2509
93.1034 2510
93.139 2511
93.1745 2512
93.2101 2513
93.2456 2514
93.2812 2515
93.3167 2516
93.3523 2517
93.3878 2518
93.4234 2519
93.4589 2520
93.4945 2521
93.53 2522
93.5656 2523
93.6011 2524
93.6367 2525
93.6722 2526
93.7078 2527
93.7433 2528
93.7789 2529
93.8144 2530
93.85 2531
93.8855 2532
93.9211 2533
93.9566 2534
93.9922 2535
94.0277 2536
94.0633 2537
94.0988 2538
94.1344 2539
94.1699 2540
94.2055 2541
94.241 2542
94.2766 2543
94.3121 2544
94.3477 2545
94.3832 2546
94.4188 2547
94.4543 2548
94.4899 2549
94.5254 2550
94.561 2551
94.5965 2552
94.6321 2553
94.6676 2554
94.7032 2555
94.7387 2556
94.7743 2557
94.8098 2558
94.8454 2559
94.8809 2560
94.9165 2561
94.952 2562
94.9876 2563
95.0231 2564
95.0587 2565
95.0942 2566
95.1298 2567
95.1653 2568
95.2009 2569
95.2364 2570
95.272 2571
95.3075 2572
95.3431 2573
95.3786 2574
95.4141 2575
95.4497 2576
95.4852 2577
95.5208 2578
95.5563 2579
95.5919 2580
95.6274 2581
95.663 2582
95.6985 2583
95.7341 2584
95.7696 2585
95.8052 2586
95.8407 2587
95.8763 2588
95.9118 2589
95.9474 2590
95.9829 2591
96.0185 2592
96.054 2593
96.0896 2594
96.1251 2595
96.1607 2596
96.1962 2597
96.2318 2598
96.2673 2599
96.3029 2600
96.3384 2601
96.374 2602
96.4095 2603
96.4451 2604
96.4806 2605
96.5162 2606
96.5517 2607
96.5873 2608
96.6228 2609
96.6584 2610
96.6939 2611
96.7295 2612
96.765 2613
96.8006 2614
96.8361 2615
96.8717 2616
96.9072 2617
96.9428 2618
96.9783 2619
