0.0321543 2
0.0643087 3
0.096463 4
0.128617 5
0.160772 6
0.192926 7
0.22508 8
0.257235 9
0.289389 10
0.321543 11
0.353698 12
0.385852 13
0.418006 14
0.450161 15
0.482315 16
0.514469 17
0.546624 18
0.578778 19
0.610932 20
0.643087 21
0.675241 22
0.707395 23
0.73955 24
0.771704 25
0.803859 26
0.836013 27
0.868167 28
0.900322 29
0.932476 30
0.96463 31
0.996785 32
1.02894 33
1.06109 34
1.09325 35
1.1254 36
1.15756 37
1.18971 38
1.22186 39
1.25402 40
1.28617 41
1.31833 42
1.35048 43
1.38264 44
1.41479 45
1.44695 46
1.4791 47
1.51125 48
1.54341 49
1.57556 50
1.60772 51
1.63987 52
1.67203 53
1.70418 54
1.73633 55
1.76849 56
1.80064 57
1.8328 58
1.86495 59
1.89711 60
1.92926 61
1.96141 62
1.99357 63
2.02572 64
2.05788 65
2.09003 66
2.12219 67
2.15434 68
2.1865 69
2.21865 70
2.2508 71
2.28296 72
2.31511 73
2.34727 74
2.37942 75
2.41158 76
2.44373 77
2.47588 78
2.50804 79
2.54019 80
2.57235 81
2.6045 82
2.63666 83
2.66881 84
2.70096 85
2.73312 86
2.76527 87
2.79743 88
2.82958 89
2.86174 90
2.89389 91
2.92605 92
2.9582 93
2.99035 94
3.02251 95
3.05466 96
3.08682 97
3.11897 98
3.15113 99
3.18328 100
3.21543 101
3.24759 102
3.27974 103
3.3119 104
3.34405 105
3.37621 106
3.40836 107
3.44051 108
3.47267 109
3.50482 110
3.53698 111
3.56913 112
3.60129 113
3.63344 114
3.66559 115
3.69775 116
3.7299 117
3.76206 118
3.79421 119
3.82637 120
3.85852 121
3.89068 122
3.92283 123
3.95498 124
3.98714 125
4.01929 126
4.05145 127
4.0836 127
4.11576 128
4.14791 129
4.18006 130
4.21222 131
4.24437 132
4.27653 132
4.30868 133
4.34084 133
4.37299 134
4.40514 135
4.4373 136
4.46945 136
4.50161 137
4.53376 138
4.56592 139
4.59807 140
4.63023 140
4.66238 141
4.69453 142
4.72669 143
4.75884 144
4.791 145
4.82315 146
4.85531 147
4.88746 148
4.91961 149
4.95177 150
4.98392 151
5.01608 152
5.04823 153
5.08039 154
5.11254 155
5.14469 156
5.17685 157
5.209 158
5.24116 159
5.27331 160
5.30547 161
5.33762 162
5.36977 163
5.40193 164
5.43408 165
5.46624 166
5.49839 167
5.53055 168
5.5627 169
5.59486 170
5.62701 171
5.65916 172
5.69132 173
5.72347 174
5.75563 175
5.78778 176
5.81994 177
5.85209 178
5.88424 179
5.9164 180
5.94855 181
5.98071 182
6.01286 183
6.04502 184
6.07717 185
6.10932 186
6.14148 187
6.17363 188
6.20579 189
6.23794 190
6.2701 191
6.30225 192
6.33441 193
6.36656 194
6.39871 195
6.43087 196
6.46302 197
6.49518 198
6.52733 199
6.55949 200
6.59164 201
6.62379 202
6.65595 203
6.6881 204
6.72026 205
6.75241 206
6.78457 207
6.81672 208
6.84887 209
6.88103 210
6.91318 211
6.94534 212
6.97749 213
7.00965 214
7.0418 215
7.07395 216
7.10611 217
7.13826 218
7.17042 219
7.20257 220
7.23473 221
7.26688 222
7.29904 223
7.33119 224
7.36334 225
7.3955 226
7.42765 227
7.45981 228
7.49196 229
7.52412 230
7.55627 231
7.58842 232
7.62058 233
7.65273 234
7.68489 235
7.71704 236
7.7492 237
7.78135 238
7.8135 239
7.84566 240
7.87781 241
7.90997 242
7.94212 243
7.97428 244
8.00643 245
8.03859 246
8.07074 247
8.10289 248
8.13505 249
8.1672 250
8.19936 251
8.23151 252
8.26367 253
8.29582 254
8.32797 255
8.36013 256
8.39228 257
8.42444 258
8.45659 259
8.48875 260
8.5209 261
8.55305 262
8.58521 263
8.61736 264
8.64952 265
8.68167 266
8.71383 267
8.74598 268
8.77814 269
8.81029 270
8.84244 271
8.8746 272
8.90675 273
8.93891 274
8.97106 275
9.00322 276
9.03537 277
9.06752 278
9.09968 279
9.13183 280
9.16399 281
9.19614 282
9.2283 283
9.26045 284
9.2926 285
9.32476 286
9.35691 287
9.38907 288
9.42122 289
9.45338 290
9.48553 291
9.51768 292
9.54984 293
9.58199 294
9.61415 295
9.6463 296
9.67846 297
9.71061 298
9.74277 299
9.77492 300
9.80707 301
9.83923 302
9.87138 303
9.90354 304
9.93569 305
9.96785 306
10 307
10.0322 308
10.0643 309
10.0965 310
10.1286 311
10.1608 312
10.1929 313
10.2251 314
10.2572 315
10.2894 316
10.3215 317
10.3537 318
10.3859 319
10.418 320
10.4502 321
10.4823 322
10.5145 323
10.5466 324
10.5788 325
10.6109 326
10.6431 327
10.6752 328
10.7074 329
10.7395 330
10.7717 331
10.8039 332
10.836 333
10.8682 334
10.9003 335
10.9325 336
10.9646 337
10.9968 338
11.0289 339
11.0611 340
11.0932 341
11.1254 342
11.1576 343
11.1897 344
11.2219 345
11.254 346
11.2862 347
11.3183 348
11.3505 349
11.3826 350
11.4148 351
11.4469 352
11.4791 353
11.5113 354
11.5434 355
11.5756 356
11.6077 357
11.6399 358
11.672 359
11.7042 360
11.7363 361
11.7685 362
11.8006 363
11.8328 364
11.865 365
11.8971 366
11.9293 367
11.9614 368
11.9936 369
12.0257 370
12.0579 371
12.09 372
12.1222 373
12.1543 374
12.1865 375
12.2186 376
12.2508 377
12.283 378
12.3151 379
12.3473 380
12.3794 381
12.4116 382
12.4437 383
12.4759 384
12.508 385
12.5402 386
12.5723 387
12.6045 388
12.6367 389
12.6688 390
12.701 391
12.7331 392
12.7653 393
12.7974 394
12.8296 395
12.8617 396
12.8939 397
12.926 398
12.9582 399
12.9904 400
13.0225 401
13.0547 402
13.0868 403
13.119 404
13.1511 405
13.1833 406
13.2154 407
13.2476 408
13.2797 409
13.3119 410
13.3441 411
13.3762 412
13.4084 413
13.4405 414
13.4727 415
13.5048 416
13.537 417
13.5691 418
13.6013 419
13.6334 420
13.6656 421
13.6977 422
13.7299 423
13.7621 424
13.7942 425
13.8264 426
13.8585 427
13.8907 428
13.9228 429
13.955 430
13.9871 431
14.0193 432
14.0514 433
14.0836 434
14.1158 435
14.1479 436
14.1801 437
14.2122 438
14.2444 439
14.2765 440
14.3087 441
14.3408 442
14.373 443
14.4051 444
14.4373 445
14.4695 446
14.5016 447
14.5338 448
14.5659 449
14.5981 450
14.6302 451
14.6624 452
14.6945 453
14.7267 454
14.7588 455
14.791 456
14.8232 457
14.8553 458
14.8875 459
14.9196 460
14.9518 461
14.9839 462
15.0161 463
15.0482 464
15.0804 465
15.1125 466
15.1447 467
15.1768 468
15.209 469
15.2412 470
15.2733 471
15.3055 472
15.3376 473
15.3698 474
15.4019 475
15.4341 476
15.4662 477
15.4984 478
15.5305 479
15.5627 480
15.5949 481
15.627 482
15.6592 483
15.6913 484
15.7235 485
15.7556 486
15.7878 487
15.8199 488
15.8521 489
15.8842 490
15.9164 491
15.9486 492
15.9807 493
16.0129 494
16.045 495
16.0772 496
16.1093 497
16.1415 498
16.1736 499
16.2058 500
16.2379 501
16.2701 502
16.3023 503
16.3344 504
16.3666 505
16.3987 506
16.4309 507
16.463 508
16.4952 509
16.5273 510
16.5595 511
16.5916 512
16.6238 513
16.6559 514
16.6881 515
16.7203 516
16.7524 517
16.7846 518
16.8167 519
16.8489 520
16.881 521
16.9132 522
16.9453 523
16.9775 524
17.0096 525
17.0418 526
17.074 527
17.1061 528
17.1383 529
17.1704 530
17.2026 531
17.2347 532
17.2669 533
17.299 534
17.3312 535
17.3633 536
17.3955 537
17.4277 538
17.4598 539
17.492 540
17.5241 541
17.5563 542
17.5884 543
17.6206 544
17.6527 545
17.6849 546
17.717 547
17.7492 548
17.7814 549
17.8135 550
17.8457 551
17.8778 552
17.91 553
17.9421 554
17.9743 555
18.0064 556
18.0386 557
18.0707 558
18.1029 559
18.135 560
18.1672 561
18.1994 562
18.2315 563
18.2637 564
18.2958 565
18.328 566
18.3601 567
18.3923 568
18.4244 569
18.4566 570
18.4887 571
18.5209 572
18.5531 573
18.5852 574
18.6174 575
18.6495 576
18.6817 577
18.7138 578
18.746 579
18.7781 580
18.8103 581
18.8424 582
18.8746 583
18.9068 584
18.9389 585
18.9711 586
19.0032 587
19.0354 588
19.0675 589
19.0997 590
19.1318 591
19.164 592
19.1961 593
19.2283 594
19.2605 595
19.2926 596
19.3248 597
19.3569 598
19.3891 599
19.4212 600
19.4534 601
19.4855 602
19.5177 603
19.5498 604
19.582 605
19.6141 606
19.6463 607
19.6785 608
19.7106 609
19.7428 610
19.7749 611
19.8071 612
19.8392 613
19.8714 614
19.9035 615
19.9357 616
19.9678 617
20 618
20.0322 619
20.0643 620
20.0965 621
20.1286 622
20.1608 623
20.1929 624
20.2251 625
20.2572 626
20.2894 627
20.3215 628
20.3537 629
20.3859 630
20.418 631
20.4502 632
20.4823 633
20.5145 633
20.5466 634
20.5788 635
20.6109 636
20.6431 637
20.6752 638
20.7074 639
20.7395 640
20.7717 641
20.8039 642
20.836 643
20.8682 644
20.9003 645
20.9325 646
20.9646 647
20.9968 648
21.0289 649
21.0611 650
21.0932 651
21.1254 652
21.1576 653
21.1897 654
21.2219 655
21.254 656
21.2862 657
21.3183 658
21.3505 659
21.3826 660
21.4148 660
21.4469 661
21.4791 662
21.5113 663
21.5434 664
21.5756 665
21.6077 666
21.6399 667
21.672 668
21.7042 669
21.7363 670
21.7685 671
21.8006 672
21.8328 673
21.865 674
21.8971 675
21.9293 676
21.9614 677
21.9936 678
22.0257 679
22.0579 680
22.09 681
22.1222 682
22.1543 683
22.1865 684
22.2186 685
22.2508 686
22.283 687
22.3151 688
22.3473 689
22.3794 690
22.4116 691
22.4437 692
22.4759 693
22.508 694
22.5402 695
22.5723 696
22.6045 697
22.6367 698
22.6688 699
22.701 700
22.7331 701
22.7653 702
22.7974 703
22.8296 704
22.8617 705
22.8939 706
22.926 707
22.9582 708
22.9904 709
23.0225 710
23.0547 711
23.0868 712
23.119 713
23.1511 714
23.1833 715
23.2154 716
23.2476 717
23.2797 718
23.3119 719
23.3441 720
23.3762 721
23.4084 722
23.4405 723
23.4727 724
23.5048 724
23.537 725
23.5691 726
23.6013 727
23.6334 728
23.6656 729
23.6977 730
23.7299 731
23.7621 732
23.7942 733
23.8264 734
23.8585 735
23.8907 736
23.9228 737
23.955 738
23.9871 739
24.0193 740
24.0514 741
24.0836 742
24.1158 743
24.1479 744
24.1801 745
24.2122 746
24.2444 747
24.2765 748
24.3087 749
24.3408 750
24.373 751
24.4051 752
24.4373 753
24.4695 754
24.5016 755
24.5338 755
24.5659 756
24.5981 757
24.6302 758
24.6624 759
24.6945 760
24.7267 761
24.7588 762
24.791 763
24.8232 764
24.8553 764
24.8875 765
24.9196 765
24.9518 766
24.9839 766
25.0161 767
25.0482 767
25.0804 768
25.1125 769
25.1447 769
25.1768 770
25.209 770
25.2412 771
25.2733 771
25.3055 772
25.3376 773
25.3698 773
25.4019 774
25.4341 774
25.4662 775
25.4984 775
25.5305 776
25.5627 777
25.5949 778
25.627 778
25.6592 779
25.6913 780
25.7235 781
25.7556 782
25.7878 783
25.8199 784
25.8521 785
25.8842 786
25.9164 787
25.9486 788
25.9807 789
26.0129 789
26.045 790
26.0772 791
26.1093 792
26.1415 793
26.1736 794
26.2058 795
26.2379 796
26.2701 797
26.3023 798
26.3344 799
26.3666 800
26.3987 801
26.4309 802
26.463 802
26.4952 803
26.5273 804
26.5595 805
26.5916 806
26.6238 807
26.6559 808
26.6881 809
26.7203 810
26.7524 811
26.7846 812
26.8167 813
26.8489 814
26.881 815
26.9132 816
26.9453 817
26.9775 818
27.0096 819
27.0418 820
27.074 821
27.1061 822
27.1383 823
27.1704 824
27.2026 825
27.2347 826
27.2669 827
27.299 828
27.3312 829
27.3633 830
27.3955 831
27.4277 832
27.4598 833
27.492 834
27.5241 835
27.5563 836
27.5884 837
27.6206 837
27.6527 838
27.6849 839
27.717 840
27.7492 841
27.7814 842
27.8135 843
27.8457 844
27.8778 845
27.91 846
27.9421 847
27.9743 848
28.0064 849
28.0386 850
28.0707 851
28.1029 852
28.135 853
28.1672 854
28.1994 855
28.2315 856
28.2637 857
28.2958 858
28.328 859
28.3601 860
28.3923 861
28.4244 862
28.4566 863
28.4887 864
28.5209 865
28.5531 866
28.5852 867
28.6174 868
28.6495 869
28.6817 870
28.7138 871
28.746 872
28.7781 873
28.8103 874
28.8424 875
28.8746 876
28.9068 877
28.9389 878
28.9711 879
29.0032 880
29.0354 881
29.0675 882
29.0997 883
29.1318 884
29.164 884
29.1961 885
29.2283 886
29.2605 887
29.2926 888
29.3248 889
29.3569 890
29.3891 890
29.4212 891
29.4534 892
29.4855 893
29.5177 894
29.5498 895
29.582 896
29.6141 897
29.6463 898
29.6785 899
29.7106 900
29.7428 901
29.7749 902
29.8071 902
29.8392 903
29.8714 904
29.9035 905
29.9357 906
29.9678 907
30 908
30.0322 909
30.0643 910
30.0965 911
30.1286 912
30.1608 913
30.1929 914
30.2251 915
30.2572 916
30.2894 917
30.3215 918
30.3537 919
30.3859 920
30.418 921
30.4502 922
30.4823 923
30.5145 924
30.5466 925
30.5788 926
30.6109 927
30.6431 928
30.6752 929
30.7074 930
30.7395 931
30.7717 932
30.8039 933
30.836 934
30.8682 935
30.9003 935
30.9325 936
30.9646 937
30.9968 938
31.0289 939
31.0611 940
31.0932 941
31.1254 941
31.1576 942
31.1897 942
31.2219 943
31.254 944
31.2862 945
31.3183 946
31.3505 947
31.3826 948
31.4148 949
31.4469 949
31.4791 950
31.5113 951
31.5434 952
31.5756 953
31.6077 954
31.6399 955
31.672 956
31.7042 956
31.7363 957
31.7685 958
31.8006 958
31.8328 959
31.865 960
31.8971 961
31.9293 962
31.9614 963
31.9936 964
32.0257 964
32.0579 965
32.09 966
32.1222 967
32.1543 968
32.1865 969
32.2186 970
32.2508 971
32.283 972
32.3151 973
32.3473 974
32.3794 975
32.4116 975
32.4437 976
32.4759 977
32.508 978
32.5402 979
32.5723 980
32.6045 981
32.6367 982
32.6688 983
32.701 984
32.7331 985
32.7653 986
32.7974 986
32.8296 987
32.8617 987
32.8939 988
32.926 989
32.9582 990
32.9904 991
33.0225 991
33.0547 992
33.0868 993
33.119 994
33.1511 995
33.1833 996
33.2154 997
33.2476 998
33.2797 999
33.3119 999
33.3441 1000
33.3762 1001
33.4084 1002
33.4405 1003
33.4727 1004
33.5048 1005
33.537 1006
33.5691 1007
33.6013 1008
33.6334 1009
33.6656 1010
33.6977 1011
33.7299 1012
33.7621 1013
33.7942 1014
33.8264 1015
33.8585 1015
33.8907 1016
33.9228 1017
33.955 1018
33.9871 1019
34.0193 1020
34.0514 1021
34.0836 1022
34.1158 1023
34.1479 1023
34.1801 1024
34.2122 1025
34.2444 1025
34.2765 1026
34.3087 1027
34.3408 1028
34.373 1029
34.4051 1030
34.4373 1031
34.4695 1032
34.5016 1033
34.5338 1034
34.5659 1035
34.5981 1036
34.6302 1037
34.6624 1038
34.6945 1039
34.7267 1040
34.7588 1041
34.791 1042
34.8232 1043
34.8553 1044
34.8875 1045
34.9196 1046
34.9518 1047
34.9839 1048
35.0161 1049
35.0482 1050
35.0804 1051
35.1125 1052
35.1447 1053
35.1768 1054
35.209 1055
35.2412 1056
35.2733 1057
35.3055 1057
35.3376 1058
35.3698 1059
35.4019 1059
35.4341 1060
35.4662 1061
35.4984 1062
35.5305 1063
35.5627 1064
35.5949 1065
35.627 1066
35.6592 1067
35.6913 1068
35.7235 1069
35.7556 1069
35.7878 1070
35.8199 1071
35.8521 1072
35.8842 1073
35.9164 1073
35.9486 1074
35.9807 1075
36.0129 1076
36.045 1077
36.0772 1078
36.1093 1079
36.1415 1080
36.1736 1081
36.2058 1082
36.2379 1083
36.2701 1084
36.3023 1084
36.3344 1085
36.3666 1085
36.3987 1086
36.4309 1086
36.463 1087
36.4952 1087
36.5273 1088
36.5595 1089
36.5916 1089
36.6238 1090
36.6559 1091
36.6881 1092
36.7203 1093
36.7524 1094
36.7846 1095
36.8167 1096
36.8489 1097
36.881 1098
36.9132 1098
36.9453 1099
36.9775 1100
37.0096 1101
37.0418 1102
37.074 1103
37.1061 1104
37.1383 1105
37.1704 1106
37.2026 1107
37.2347 1108
37.2669 1109
37.299 1110
37.3312 1111
37.3633 1112
37.3955 1113
37.4277 1114
37.4598 1115
37.492 1116
37.5241 1117
37.5563 1118
37.5884 1119
37.6206 1120
37.6527 1121
37.6849 1122
37.717 1123
37.7492 1124
37.7814 1125
37.8135 1126
37.8457 1127
37.8778 1128
37.91 1129
37.9421 1130
37.9743 1131
38.0064 1132
38.0386 1133
38.0707 1134
38.1029 1135
38.135 1136
38.1672 1137
38.1994 1138
38.2315 1139
38.2637 1140
38.2958 1141
38.328 1142
38.3601 1143
38.3923 1144
38.4244 1145
38.4566 1146
38.4887 1147
38.5209 1148
38.5531 1149
38.5852 1150
38.6174 1151
38.6495 1152
38.6817 1153
38.7138 1154
38.746 1155
38.7781 1156
38.8103 1157
38.8424 1158
38.8746 1159
38.9068 1160
38.9389 1161
38.9711 1162
39.0032 1163
39.0354 1164
39.0675 1165
39.0997 1166
39.1318 1167
39.164 1168
39.1961 1169
39.2283 1170
39.2605 1171
39.2926 1172
39.3248 1173
39.3569 1174
39.3891 1175
39.4212 1176
39.4534 1177
39.4855 1178
39.5177 1179
39.5498 1180
39.582 1181
39.6141 1182
39.6463 1183
39.6785 1184
39.7106 1185
39.7428 1186
39.7749 1187
39.8071 1188
39.8392 1189
39.8714 1190
39.9035 1191
39.9357 1192
39.9678 1192
40 1193
40.0322 1194
40.0643 1195
40.0965 1196
40.1286 1197
40.1608 1198
40.1929 1198
40.2251 1199
40.2572 1200
40.2894 1201
40.3215 1202
40.3537 1203
40.3859 1203
40.418 1204
40.4502 1205
40.4823 1206
40.5145 1207
40.5466 1207
40.5788 1208
40.6109 1209
40.6431 1210
40.6752 1211
40.7074 1212
40.7395 1213
40.7717 1214
40.8039 1215
40.836 1216
40.8682 1217
40.9003 1218
40.9325 1219
40.9646 1220
40.9968 1221
41.0289 1222
41.0611 1223
41.0932 1224
41.1254 1225
41.1576 1226
41.1897 1227
41.2219 1228
41.254 1229
41.2862 1230
41.3183 1231
41.3505 1232
41.3826 1233
41.4148 1233
41.4469 1234
41.4791 1235
41.5113 1236
41.5434 1237
41.5756 1238
41.6077 1239
41.6399 1240
41.672 1241
41.7042 1242
41.7363 1243
41.7685 1244
41.8006 1245
41.8328 1246
41.865 1247
41.8971 1247
41.9293 1248
41.9614 1249
41.9936 1250
42.0257 1251
42.0579 1252
42.09 1253
42.1222 1254
42.1543 1254
42.1865 1255
42.2186 1256
42.2508 1257
42.283 1258
42.3151 1259
42.3473 1260
42.3794 1261
42.4116 1262
42.4437 1263
42.4759 1264
42.508 1265
42.5402 1266
42.5723 1267
42.6045 1268
42.6367 1269
42.6688 1270
42.701 1271
42.7331 1272
42.7653 1273
42.7974 1274
42.8296 1275
42.8617 1276
42.8939 1277
42.926 1278
42.9582 1279
42.9904 1280
43.0225 1281
43.0547 1282
43.0868 1283
43.119 1284
43.1511 1285
43.1833 1286
43.2154 1287
43.2476 1288
43.2797 1289
43.3119 1290
43.3441 1291
43.3762 1292
43.4084 1293
43.4405 1293
43.4727 1294
43.5048 1295
43.537 1295
43.5691 1296
43.6013 1296
43.6334 1297
43.6656 1298
43.6977 1299
43.7299 1300
43.7621 1301
43.7942 1302
43.8264 1303
43.8585 1304
43.8907 1305
43.9228 1306
43.955 1307
43.9871 1307
44.0193 1308
44.0514 1309
44.0836 1310
44.1158 1311
44.1479 1312
44.1801 1313
44.2122 1313
44.2444 1314
44.2765 1314
44.3087 1315
44.3408 1316
44.373 1317
44.4051 1318
44.4373 1319
44.4695 1319
44.5016 1320
44.5338 1321
44.5659 1322
44.5981 1323
44.6302 1324
44.6624 1325
44.6945 1326
44.7267 1327
44.7588 1328
44.791 1328
44.8232 1329
44.8553 1330
44.8875 1331
44.9196 1332
44.9518 1333
44.9839 1334
45.0161 1335
45.0482 1336
45.0804 1336
45.1125 1337
45.1447 1338
45.1768 1339
45.209 1340
45.2412 1341
45.2733 1342
45.3055 1342
45.3376 1343
45.3698 1343
45.4019 1344
45.4341 1345
45.4662 1346
45.4984 1347
45.5305 1347
45.5627 1348
45.5949 1349
45.627 1350
45.6592 1351
45.6913 1352
45.7235 1353
45.7556 1354
45.7878 1355
45.8199 1356
45.8521 1357
45.8842 1358
45.9164 1359
45.9486 1360
45.9807 1361
46.0129 1362
46.045 1363
46.0772 1364
46.1093 1365
46.1415 1366
46.1736 1367
46.2058 1368
46.2379 1369
46.2701 1370
46.3023 1371
46.3344 1372
46.3666 1373
46.3987 1374
46.4309 1375
46.463 1375
46.4952 1376
46.5273 1377
46.5595 1378
46.5916 1379
46.6238 1380
46.6559 1381
46.6881 1381
46.7203 1382
46.7524 1383
46.7846 1384
46.8167 1385
46.8489 1386
46.881 1387
46.9132 1388
46.9453 1389
46.9775 1390
47.0096 1391
47.0418 1392
47.074 1393
47.1061 1394
47.1383 1395
47.1704 1396
47.2026 1397
47.2347 1398
47.2669 1399
47.299 1400
47.3312 1401
47.3633 1402
47.3955 1403
47.4277 1404
47.4598 1405
47.492 1406
47.5241 1407
47.5563 1408
47.5884 1409
47.6206 1409
47.6527 1410
47.6849 1411
47.717 1412
47.7492 1413
47.7814 1414
47.8135 1415
47.8457 1416
47.8778 1417
47.91 1418
47.9421 1419
47.9743 1420
48.0064 1421
48.0386 1422
48.0707 1423
48.1029 1424
48.135 1425
48.1672 1426
48.1994 1427
48.2315 1428
48.2637 1429
48.2958 1430
48.328 1431
48.3601 1432
48.3923 1433
48.4244 1434
48.4566 1435
48.4887 1436
48.5209 1437
48.5531 1437
48.5852 1438
48.6174 1439
48.6495 1440
48.6817 1441
48.7138 1442
48.746 1443
48.7781 1444
48.8103 1445
48.8424 1446
48.8746 1447
48.9068 1448
48.9389 1449
48.9711 1450
49.0032 1451
49.0354 1452
49.0675 1453
49.0997 1454
49.1318 1455
49.164 1456
49.1961 1457
49.2283 1458
49.2605 1459
49.2926 1460
49.3248 1461
49.3569 1462
49.3891 1463
49.4212 1464
49.4534 1465
49.4855 1466
49.5177 1467
49.5498 1468
49.582 1469
49.6141 1470
49.6463 1471
49.6785 1472
49.7106 1473
49.7428 1474
49.7749 1475
49.8071 1476
49.8392 1477
49.8714 1478
49.9035 1479
49.9357 1480
49.9678 1481
50 1482
50.0322 1482
50.0643 1483
50.0965 1484
50.1286 1485
50.1608 1486
50.1929 1487
50.2251 1488
50.2572 1489
50.2894 1490
50.3215 1491
50.3537 1492
50.3859 1493
50.418 1494
50.4502 1495
50.4823 1496
50.5145 1497
50.5466 1498
50.5788 1499
50.6109 1500
50.6431 1501
50.6752 1501
50.7074 1502
50.7395 1503
50.7717 1504
50.8039 1504
50.836 1505
50.8682 1506
50.9003 1507
50.9325 1508
50.9646 1509
50.9968 1510
51.0289 1511
51.0611 1512
51.0932 1513
51.1254 1514
51.1576 1515
51.1897 1515
51.2219 1516
51.254 1516
51.2862 1517
51.3183 1517
51.3505 1518
51.3826 1518
51.4148 1519
51.4469 1519
51.4791 1520
51.5113 1521
51.5434 1521
51.5756 1522
51.6077 1522
51.6399 1523
51.672 1524
51.7042 1525
51.7363 1526
51.7685 1526
51.8006 1527
51.8328 1527
51.865 1528
51.8971 1529
51.9293 1530
51.9614 1531
51.9936 1532
52.0257 1533
52.0579 1534
52.09 1535
52.1222 1536
52.1543 1537
52.1865 1538
52.2186 1539
52.2508 1540
52.283 1541
52.3151 1542
52.3473 1543
52.3794 1544
52.4116 1545
52.4437 1546
52.4759 1547
52.508 1548
52.5402 1549
52.5723 1550
52.6045 1551
52.6367 1552
52.6688 1553
52.701 1554
52.7331 1555
52.7653 1556
52.7974 1557
52.8296 1558
52.8617 1559
52.8939 1560
52.926 1561
52.9582 1562
52.9904 1563
53.0225 1564
53.0547 1564
53.0868 1565
53.119 1565
53.1511 1566
53.1833 1567
53.2154 1568
53.2476 1569
53.2797 1570
53.3119 1571
53.3441 1572
53.3762 1573
53.4084 1574
53.4405 1575
53.4727 1576
53.5048 1577
53.537 1578
53.5691 1579
53.6013 1579
53.6334 1580
53.6656 1581
53.6977 1582
53.7299 1582
53.7621 1583
53.7942 1584
53.8264 1585
53.8585 1586
53.8907 1587
53.9228 1587
53.955 1588
53.9871 1588
54.0193 1589
54.0514 1590
54.0836 1591
54.1158 1592
54.1479 1593
54.1801 1594
54.2122 1595
54.2444 1596
54.2765 1597
54.3087 1598
54.3408 1599
54.373 1600
54.4051 1601
54.4373 1601
54.4695 1602
54.5016 1603
54.5338 1604
54.5659 1605
54.5981 1606
54.6302 1607
54.6624 1608
54.6945 1609
54.7267 1610
54.7588 1611
54.791 1612
54.8232 1613
54.8553 1614
54.8875 1615
54.9196 1616
54.9518 1617
54.9839 1618
55.0161 1619
55.0482 1620
55.0804 1621
55.1125 1622
55.1447 1623
55.1768 1624
55.209 1625
55.2412 1626
55.2733 1627
55.3055 1628
55.3376 1629
55.3698 1630
55.4019 1631
55.4341 1632
55.4662 1633
55.4984 1633
55.5305 1634
55.5627 1634
55.5949 1635
55.627 1635
55.6592 1636
55.6913 1637
55.7235 1638
55.7556 1639
55.7878 1640
55.8199 1641
55.8521 1642
55.8842 1643
55.9164 1644
55.9486 1645
55.9807 1646
56.0129 1647
56.045 1648
56.0772 1649
56.1093 1650
56.1415 1651
56.1736 1652
56.2058 1653
56.2379 1654
56.2701 1655
56.3023 1656
56.3344 1657
56.3666 1658
56.3987 1659
56.4309 1659
56.463 1660
56.4952 1661
56.5273 1662
56.5595 1663
56.5916 1664
56.6238 1665
56.6559 1666
56.6881 1667
56.7203 1668
56.7524 1669
56.7846 1670
56.8167 1671
56.8489 1672
56.881 1672
56.9132 1673
56.9453 1674
56.9775 1675
57.0096 1676
57.0418 1677
57.074 1678
57.1061 1679
57.1383 1680
57.1704 1681
57.2026 1682
57.2347 1683
57.2669 1684
57.299 1685
57.3312 1686
57.3633 1687
57.3955 1688
57.4277 1689
57.4598 1690
57.492 1690
57.5241 1691
57.5563 1692
57.5884 1693
57.6206 1694
57.6527 1695
57.6849 1696
57.717 1697
57.7492 1698
57.7814 1699
57.8135 1700
57.8457 1701
57.8778 1702
57.91 1703
57.9421 1704
57.9743 1705
58.0064 1706
58.0386 1707
58.0707 1708
58.1029 1709
58.135 1710
58.1672 1711
58.1994 1712
58.2315 1713
58.2637 1714
58.2958 1714
58.328 1715
58.3601 1716
58.3923 1717
58.4244 1718
58.4566 1719
58.4887 1720
58.5209 1720
58.5531 1721
58.5852 1721
58.6174 1722
58.6495 1722
58.6817 1723
58.7138 1724
58.746 1725
58.7781 1726
58.8103 1727
58.8424 1728
58.8746 1729
58.9068 1730
58.9389 1731
58.9711 1732
59.0032 1733
59.0354 1734
59.0675 1735
59.0997 1736
59.1318 1737
59.164 1738
59.1961 1739
59.2283 1740
59.2605 1741
59.2926 1742
59.3248 1743
59.3569 1744
59.3891 1745
59.4212 1746
59.4534 1747
59.4855 1748
59.5177 1749
59.5498 1750
59.582 1751
59.6141 1752
59.6463 1753
59.6785 1754
59.7106 1755
59.7428 1756
59.7749 1757
59.8071 1758
59.8392 1759
59.8714 1760
59.9035 1761
59.9357 1762
59.9678 1763
60 1764
60.0322 1765
60.0643 1766
60.0965 1767
60.1286 1768
60.1608 1769
60.1929 1770
60.2251 1771
60.2572 1772
60.2894 1773
60.3215 1774
60.3537 1775
60.3859 1776
60.418 1777
60.4502 1778
60.4823 1779
60.5145 1780
60.5466 1781
60.5788 1782
60.6109 1783
60.6431 1784
60.6752 1785
60.7074 1786
60.7395 1787
60.7717 1788
60.8039 1789
60.836 1790
60.8682 1791
60.9003 1792
60.9325 1793
60.9646 1794
60.9968 1795
61.0289 1796
61.0611 1797
61.0932 1798
61.1254 1799
61.1576 1800
61.1897 1801
61.2219 1802
61.254 1803
61.2862 1804
61.3183 1804
61.3505 1805
61.3826 1805
61.4148 1806
61.4469 1807
61.4791 1808
61.5113 1809
61.5434 1810
61.5756 1811
61.6077 1812
61.6399 1812
61.672 1813
61.7042 1814
61.7363 1815
61.7685 1816
61.8006 1817
61.8328 1818
61.865 1819
61.8971 1820
61.9293 1821
61.9614 1822
61.9936 1823
62.0257 1824
62.0579 1825
62.09 1826
62.1222 1827
62.1543 1828
62.1865 1829
62.2186 1830
62.2508 1831
62.283 1832
62.3151 1833
62.3473 1834
62.3794 1835
62.4116 1836
62.4437 1837
62.4759 1838
62.508 1839
62.5402 1840
62.5723 1841
62.6045 1842
62.6367 1843
62.6688 1844
62.701 1845
62.7331 1846
62.7653 1847
62.7974 1848
62.8296 1849
62.8617 1850
62.8939 1851
62.926 1852
62.9582 1853
62.9904 1854
63.0225 1855
63.0547 1856
63.0868 1857
63.119 1858
63.1511 1859
63.1833 1860
63.2154 1861
63.2476 1862
63.2797 1863
63.3119 1864
63.3441 1865
63.3762 1866
63.4084 1867
63.4405 1868
63.4727 1869
63.5048 1870
63.537 1871
63.5691 1872
63.6013 1873
63.6334 1874
63.6656 1875
63.6977 1876
63.7299 1877
63.7621 1878
63.7942 1879
63.8264 1880
63.8585 1881
63.8907 1882
63.9228 1883
63.955 1884
63.9871 1885
64.0193 1886
64.0514 1887
64.0836 1888
64.1158 1889
64.1479 1890
64.1801 1891
64.2122 1892
64.2444 1893
64.2765 1894
64.3087 1895
64.3408 1896
64.373 1897
64.4051 1898
64.4373 1899
64.4695 1900
64.5016 1901
64.5338 1902
64.5659 1903
64.5981 1904
64.6302 1905
64.6624 1906
64.6945 1907
64.7267 1908
64.7588 1909
64.791 1910
64.8232 1911
64.8553 1912
64.8875 1913
64.9196 1914
64.9518 1915
64.9839 1916
65.0161 1917
65.0482 1918
65.0804 1919
65.1125 1920
65.1447 1921
65.1768 1922
65.209 1923
65.2412 1924
65.2733 1925
65.3055 1926
65.3376 1927
65.3698 1928
65.4019 1929
65.4341 1930
65.4662 1931
65.4984 1932
65.5305 1933
65.5627 1934
65.5949 1935
65.627 1936
65.6592 1937
65.6913 1938
65.7235 1939
65.7556 1940
65.7878 1941
65.8199 1942
65.8521 1943
65.8842 1944
65.9164 1945
65.9486 1946
65.9807 1947
66.0129 1948
66.045 1949
66.0772 1950
66.1093 1951
66.1415 1952
66.1736 1953
66.2058 1954
66.2379 1955
66.2701 1956
66.3023 1957
66.3344 1958
66.3666 1959
66.3987 1960
66.4309 1961
66.463 1962
66.4952 1963
66.5273 1964
66.5595 1965
66.5916 1966
66.6238 1967
66.6559 1968
66.6881 1969
66.7203 1970
66.7524 1971
66.7846 1972
66.8167 1973
66.8489 1974
66.881 1975
66.9132 1976
66.9453 1977
66.9775 1978
67.0096 1979
67.0418 1980
67.074 1981
67.1061 1982
67.1383 1983
67.1704 1984
67.2026 1985
67.2347 1986
67.2669 1987
67.299 1988
67.3312 1989
67.3633 1990
67.3955 1991
67.4277 1992
67.4598 1993
67.492 1994
67.5241 1995
67.5563 1996
67.5884 1997
67.6206 1998
67.6527 1999
67.6849 2000
67.717 2001
67.7492 2002
67.7814 2003
67.8135 2004
67.8457 2005
67.8778 2006
67.91 2007
67.9421 2008
67.9743 2009
68.0064 2010
68.0386 2011
68.0707 2012
68.1029 2013
68.135 2014
68.1672 2015
68.1994 2016
68.2315 2017
68.2637 2018
68.2958 2019
68.328 2020
68.3601 2021
68.3923 2022
68.4244 2023
68.4566 2024
68.4887 2025
68.5209 2026
68.5531 2027
68.5852 2028
68.6174 2029
68.6495 2030
68.6817 2031
68.7138 2032
68.746 2033
68.7781 2034
68.8103 2035
68.8424 2036
68.8746 2037
68.9068 2038
68.9389 2039
68.9711 2040
69.0032 2041
69.0354 2042
69.0675 2043
69.0997 2044
69.1318 2045
69.164 2046
69.1961 2047
69.2283 2048
69.2605 2049
69.2926 2050
69.3248 2051
69.3569 2052
69.3891 2053
69.4212 2054
69.4534 2055
69.4855 2056
69.5177 2057
69.5498 2058
69.582 2059
69.6141 2060
69.6463 2061
69.6785 2062
69.7106 2063
69.7428 2064
69.7749 2065
69.8071 2066
69.8392 2067
69.8714 2068
69.9035 2069
69.9357 2070
69.9678 2071
70 2072
70.0322 2073
70.0643 2074
70.0965 2075
70.1286 2076
70.1608 2077
70.1929 2078
70.2251 2079
70.2572 2080
70.2894 2081
70.3215 2082
70.3537 2083
70.3859 2084
70.418 2085
70.4502 2086
70.4823 2087
70.5145 2088
70.5466 2089
70.5788 2090
70.6109 2091
70.6431 2092
70.6752 2093
70.7074 2094
70.7395 2095
70.7717 2096
70.8039 2097
70.836 2098
70.8682 2099
70.9003 2100
70.9325 2101
70.9646 2102
70.9968 2103
71.0289 2104
71.0611 2105
71.0932 2106
71.1254 2107
71.1576 2108
71.1897 2109
71.2219 2110
71.254 2111
71.2862 2112
71.3183 2113
71.3505 2114
71.3826 2115
71.4148 2116
71.4469 2117
71.4791 2118
71.5113 2119
71.5434 2120
71.5756 2121
71.6077 2122
71.6399 2123
71.672 2124
71.7042 2125
71.7363 2126
71.7685 2127
71.8006 2128
71.8328 2129
71.865 2130
71.8971 2131
71.9293 2132
71.9614 2133
71.9936 2134
72.0257 2135
72.0579 2136
72.09 2137
72.1222 2138
72.1543 2139
72.1865 2140
72.2186 2141
72.2508 2142
72.283 2143
72.3151 2144
72.3473 2145
72.3794 2146
72.4116 2147
72.4437 2148
72.4759 2149
72.508 2150
72.5402 2151
72.5723 2152
72.6045 2153
72.6367 2154
72.6688 2155
72.701 2156
72.7331 2157
72.7653 2158
72.7974 2159
72.8296 2160
72.8617 2161
72.8939 2162
72.926 2163
72.9582 2164
72.9904 2165
73.0225 2166
73.0547 2167
73.0868 2168
73.119 2169
73.1511 2170
73.1833 2171
73.2154 2172
73.2476 2173
73.2797 2174
73.3119 2175
73.3441 2176
73.3762 2177
73.4084 2178
73.4405 2179
73.4727 2180
73.5048 2181
73.537 2182
73.5691 2183
73.6013 2184
73.6334 2185
73.6656 2186
73.6977 2187
73.7299 2188
73.7621 2189
73.7942 2190
73.8264 2191
73.8585 2192
73.8907 2193
73.9228 2194
73.955 2195
73.9871 2196
74.0193 2197
74.0514 2198
74.0836 2199
74.1158 2200
74.1479 2201
74.1801 2202
74.2122 2203
74.2444 2204
74.2765 2205
74.3087 2206
74.3408 2207
74.373 2208
74.4051 2209
74.4373 2210
74.4695 2211
74.5016 2212
74.5338 2213
74.5659 2214
74.5981 2215
74.6302 2216
74.6624 2217
74.6945 2218
74.7267 2219
74.7588 2220
74.791 2221
74.8232 2222
74.8553 2223
74.8875 2224
74.9196 2225
74.9518 2226
74.9839 2227
75.0161 2228
75.0482 2229
75.0804 2230
75.1125 2231
75.1447 2232
75.1768 2232
75.209 2233
75.2412 2234
75.2733 2235
75.3055 2236
75.3376 2237
75.3698 2238
75.4019 2239
75.4341 2240
75.4662 2241
75.4984 2242
75.5305 2243
75.5627 2244
75.5949 2245
75.627 2246
75.6592 2247
75.6913 2248
75.7235 2249
75.7556 2250
75.7878 2251
75.8199 2252
75.8521 2253
75.8842 2254
75.9164 2255
75.9486 2256
75.9807 2257
76.0129 2258
76.045 2259
76.0772 2260
76.1093 2261
76.1415 2262
76.1736 2263
76.2058 2264
76.2379 2265
76.2701 2266
76.3023 2267
76.3344 2268
76.3666 2269
76.3987 2270
76.4309 2271
76.463 2272
76.4952 2273
76.5273 2274
76.5595 2275
76.5916 2276
76.6238 2277
76.6559 2278
76.6881 2279
76.7203 2280
76.7524 2281
76.7846 2282
76.8167 2283
76.8489 2284
76.881 2285
76.9132 2286
76.9453 2287
76.9775 2288
77.0096 2289
77.0418 2290
77.074 2291
77.1061 2292
77.1383 2293
77.1704 2294
77.2026 2295
77.2347 2296
77.2669 2297
77.299 2298
77.3312 2299
77.3633 2300
77.3955 2301
77.4277 2302
77.4598 2303
77.492 2304
77.5241 2305
77.5563 2306
77.5884 2307
77.6206 2308
77.6527 2309
77.6849 2310
77.717 2311
77.7492 2312
77.7814 2313
77.8135 2314
77.8457 2315
77.8778 2316
77.91 2317
77.9421 2318
77.9743 2319
78.0064 2320
78.0386 2321
78.0707 2322
78.1029 2323
78.135 2324
78.1672 2325
78.1994 2326
78.2315 2327
78.2637 2328
78.2958 2329
78.328 2330
78.3601 2331
78.3923 2332
78.4244 2333
78.4566 2334
78.4887 2335
78.5209 2336
78.5531 2337
78.5852 2338
78.6174 2339
78.6495 2340
78.6817 2341
78.7138 2342
78.746 2343
78.7781 2344
78.8103 2345
78.8424 2346
78.8746 2347
78.9068 2348
78.9389 2349
78.9711 2350
79.0032 2351
79.0354 2352
79.0675 2353
79.0997 2354
79.1318 2355
79.164 2356
79.1961 2357
79.2283 2358
79.2605 2359
79.2926 2360
79.3248 2361
79.3569 2362
79.3891 2363
79.4212 2364
79.4534 2365
79.4855 2366
79.5177 2367
79.5498 2368
79.582 2369
79.6141 2370
79.6463 2371
79.6785 2372
79.7106 2373
79.7428 2374
79.7749 2375
79.8071 2376
79.8392 2377
79.8714 2378
79.9035 2379
79.9357 2380
79.9678 2381
80 2382
80.0322 2383
80.0643 2384
80.0965 2385
80.1286 2386
80.1608 2387
80.1929 2388
80.2251 2389
80.2572 2390
80.2894 2391
80.3215 2392
80.3537 2393
80.3859 2394
80.418 2395
80.4502 2396
80.4823 2397
80.5145 2398
80.5466 2399
80.5788 2400
80.6109 2401
80.6431 2402
80.6752 2403
80.7074 2404
80.7395 2405
80.7717 2406
80.8039 2407
80.836 2408
80.8682 2409
80.9003 2410
80.9325 2411
80.9646 2412
80.9968 2413
81.0289 2414
81.0611 2415
81.0932 2416
81.1254 2417
81.1576 2418
81.1897 2419
81.2219 2420
81.254 2421
81.2862 2422
81.3183 2423
81.3505 2424
81.3826 2425
81.4148 2426
81.4469 2427
81.4791 2428
81.5113 2429
81.5434 2430
81.5756 2431
81.6077 2432
81.6399 2433
81.672 2434
81.7042 2435
81.7363 2436
81.7685 2437
81.8006 2438
81.8328 2439
81.865 2440
81.8971 2441
81.9293 2442
81.9614 2443
81.9936 2444
82.0257 2445
82.0579 2446
82.09 2447
82.1222 2448
82.1543 2449
82.1865 2450
82.2186 2451
82.2508 2452
82.283 2453
82.3151 2454
82.3473 2455
82.3794 2456
82.4116 2457
82.4437 2458
82.4759 2459
82.508 2460
82.5402 2461
82.5723 2462
