0.0261506 2
0.0523013 2
0.0784519 3
0.104603 3
0.130753 4
0.156904 4
0.183054 5
0.209205 5
0.235356 6
0.261506 6
0.287657 7
0.313808 7
0.339958 8
0.366109 9
0.392259 10
0.41841 11
0.444561 12
0.470711 13
0.496862 14
0.523013 15
0.549163 16
0.575314 17
0.601464 18
0.627615 19
0.653766 20
0.679916 21
0.706067 22
0.732218 23
0.758368 24
0.784519 25
0.810669 26
0.83682 27
0.862971 28
0.889121 29
0.915272 30
0.941423 31
0.967573 32
0.993724 33
1.01987 34
1.04603 35
1.07218 36
1.09833 37
1.12448 38
1.15063 39
1.17678 40
1.20293 41
1.22908 42
1.25523 43
1.28138 44
1.30753 45
1.33368 46
1.35983 47
1.38598 48
1.41213 49
1.43828 50
1.46444 51
1.49059 52
1.51674 53
1.54289 54
1.56904 55
1.59519 56
1.62134 57
1.64749 58
1.67364 59
1.69979 60
1.72594 61
1.75209 62
1.77824 63
1.80439 64
1.83054 65
1.85669 66
1.88285 67
1.909 68
1.93515 69
1.9613 70
1.98745 71
2.0136 72
2.03975 73
2.0659 74
2.09205 75
2.1182 76
2.14435 77
2.1705 78
2.19665 79
2.2228 80
2.24895 81
2.2751 82
2.30126 83
2.32741 84
2.35356 85
2.37971 86
2.40586 87
2.43201 88
2.45816 89
2.48431 90
2.51046 91
2.53661 92
2.56276 93
2.58891 94
2.61506 95
2.64121 96
2.66736 97
2.69351 98
2.71967 99
2.74582 100
2.77197 101
2.79812 102
2.82427 103
2.85042 104
2.87657 105
2.90272 106
2.92887 107
2.95502 108
2.98117 109
3.00732 110
3.03347 111
3.05962 112
3.08577 113
3.11192 113
3.13808 114
3.16423 115
3.19038 116
3.21653 117
3.24268 118
3.26883 119
3.29498 120
3.32113 121
3.34728 122
3.37343 123
3.39958 124
3.42573 125
3.45188 126
3.47803 126
3.50418 127
3.53033 128
3.55649 129
3.58264 130
3.60879 130
3.63494 131
3.66109 132
3.68724 133
3.71339 134
3.73954 135
3.76569 136
3.79184 136
3.81799 137
3.84414 138
3.87029 139
3.89644 140
3.92259 140
3.94874 141
3.9749 142
4.00105 143
4.0272 144
4.05335 145
4.0795 146
4.10565 146
4.1318 147
4.15795 148
4.1841 149
4.21025 150
4.2364 150
4.26255 151
4.2887 152
4.31485 153
4.341 154
4.36715 155
4.39331 156
4.41946 156
4.44561 157
4.47176 158
4.49791 159
4.52406 160
4.55021 161
4.57636 162
4.60251 163
4.62866 164
4.65481 165
4.68096 166
4.70711 167
4.73326 168
4.75941 169
4.78556 169
4.81172 170
4.83787 171
4.86402 172
4.89017 173
4.91632 174
4.94247 175
4.96862 176
4.99477 177
5.02092 178
5.04707 179
5.07322 179
5.09937 180
5.12552 181
5.15167 182
5.17782 182
5.20397 183
5.23013 183
5.25628 184
5.28243 184
5.30858 185
5.33473 186
5.36088 187
5.38703 188
5.41318 188
5.43933 189
5.46548 190
5.49163 191
5.51778 191
5.54393 192
5.57008 192
5.59623 193
5.62238 193
5.64854 194
5.67469 194
5.70084 195
5.72699 195
5.75314 196
5.77929 197
5.80544 197
5.83159 198
5.85774 198
5.88389 199
5.91004 199
5.93619 200
5.96234 200
5.98849 201
6.01464 201
6.04079 202
6.06695 202
6.0931 203
6.11925 203
6.1454 204
6.17155 204
6.1977 205
6.22385 206
6.25 206
6.27615 207
6.3023 207
6.32845 208
6.3546 208
6.38075 209
6.4069 210
6.43305 211
6.45921 212
6.48536 213
6.51151 214
6.53766 215
6.56381 216
6.58996 217
6.61611 218
6.64226 219
6.66841 220
6.69456 221
6.72071 222
6.74686 223
6.77301 224
6.79916 225
6.82531 226
6.85146 227
6.87762 228
6.90377 229
6.92992 230
6.95607 230
6.98222 231
7.00837 232
7.03452 233
7.06067 234
7.08682 235
7.11297 236
7.13912 237
7.16527 238
7.19142 239
7.21757 240
7.24372 241
7.26987 242
7.29603 243
7.32218 244
7.34833 245
7.37448 246
7.40063 247
7.42678 248
7.45293 249
7.47908 250
7.50523 251
7.53138 252
7.55753 253
7.58368 254
7.60983 255
7.63598 256
7.66213 257
7.68828 258
7.71444 259
7.74059 260
7.76674 261
7.79289 262
7.81904 263
7.84519 264
7.87134 265
7.89749 266
7.92364 267
7.94979 268
7.97594 269
8.00209 270
8.02824 271
8.05439 272
8.08054 273
8.10669 274
8.13285 275
8.159 276
8.18515 277
8.2113 278
8.23745 279
8.2636 280
8.28975 281
8.3159 282
8.34205 283
8.3682 284
8.39435 285
8.4205 286
8.44665 287
8.4728 288
8.49895 289
8.5251 290
8.55126 291
8.57741 292
8.60356 293
8.62971 294
8.65586 295
8.68201 296
8.70816 297
8.73431 297
8.76046 298
8.78661 299
8.81276 299
8.83891 300
8.86506 300
8.89121 301
8.91736 301
8.94351 302
8.96967 302
8.99582 303
9.02197 303
9.04812 304
9.07427 304
9.10042 305
9.12657 305
9.15272 306
9.17887 306
9.20502 307
9.23117 307
9.25732 308
9.28347 308
9.30962 309
9.33577 309
9.36192 310
9.38808 310
9.41423 311
9.44038 312
9.46653 312
9.49268 313
9.51883 313
9.54498 314
9.57113 314
9.59728 315
9.62343 315
9.64958 316
9.67573 316
9.70188 317
9.72803 317
9.75418 318
9.78033 318
9.80649 319
9.83264 319
9.85879 320
9.88494 320
9.91109 321
9.93724 321
9.96339 322
9.98954 322
10.0157 323
10.0418 324
10.068 325
10.0941 326
10.1203 327
10.1464 328
10.1726 329
10.1987 330
10.2249 331
10.251 332
10.2772 333
10.3033 334
10.3295 335
10.3556 336
10.3818 337
10.4079 338
10.4341 339
10.4603 340
10.4864 340
10.5126 341
10.5387 341
10.5649 342
10.591 343
10.6172 344
10.6433 345
10.6695 346
10.6956 347
10.7218 348
10.7479 349
10.7741 350
10.8002 351
10.8264 351
10.8525 352
10.8787 353
10.9048 354
10.931 355
10.9571 356
10.9833 357
11.0094 358
11.0356 359
11.0617 359
11.0879 360
11.114 360
11.1402 361
11.1663 362
11.1925 363
11.2186 364
11.2448 364
11.2709 365
11.2971 366
11.3232 367
11.3494 368
11.3755 369
11.4017 370
11.4278 371
11.454 372
11.4801 373
11.5063 374
11.5324 374
11.5586 375
11.5847 376
11.6109 377
11.637 378
11.6632 379
11.6893 380
11.7155 381
11.7416 382
11.7678 383
11.7939 384
11.8201 385
11.8462 386
11.8724 387
11.8985 388
11.9247 389
11.9508 390
11.977 391
12.0031 392
12.0293 393
12.0554 394
12.0816 395
12.1077 396
12.1339 397
12.16 398
12.1862 399
12.2123 400
12.2385 401
12.2646 402
12.2908 403
12.3169 404
12.3431 405
12.3692 406
12.3954 407
12.4215 408
12.4477 409
12.4738 410
12.5 411
12.5262 412
12.5523 413
12.5785 414
12.6046 415
12.6308 416
12.6569 416
12.6831 417
12.7092 418
12.7354 418
12.7615 419
12.7877 419
12.8138 420
12.84 421
12.8661 422
12.8923 423
12.9184 424
12.9446 425
12.9707 426
12.9969 427
13.023 428
13.0492 429
13.0753 430
13.1015 431
13.1276 432
13.1538 433
13.1799 434
13.2061 435
13.2322 436
13.2584 437
13.2845 438
13.3107 439
13.3368 440
13.363 441
13.3891 442
13.4153 443
13.4414 444
13.4676 445
13.4937 446
13.5199 447
13.546 448
13.5722 449
13.5983 450
13.6245 451
13.6506 452
13.6768 453
13.7029 454
13.7291 455
13.7552 456
13.7814 457
13.8075 458
13.8337 459
13.8598 460
13.886 461
13.9121 462
13.9383 463
13.9644 464
13.9906 465
14.0167 466
14.0429 467
14.069 468
14.0952 469
14.1213 470
14.1475 471
14.1736 472
14.1998 473
14.2259 474
14.2521 475
14.2782 475
14.3044 476
14.3305 477
14.3567 478
14.3828 479
14.409 480
14.4351 481
14.4613 482
14.4874 483
14.5136 483
14.5397 484
14.5659 485
14.5921 486
14.6182 487
14.6444 488
14.6705 489
14.6967 490
14.7228 491
14.749 492
14.7751 493
14.8013 494
14.8274 495
14.8536 496
14.8797 497
14.9059 498
14.932 499
14.9582 500
14.9843 501
15.0105 502
15.0366 503
15.0628 504
15.0889 505
15.1151 506
15.1412 507
15.1674 508
15.1935 509
15.2197 510
15.2458 511
15.272 512
15.2981 513
15.3243 514
15.3504 515
15.3766 516
15.4027 517
15.4289 518
15.455 519
15.4812 520
15.5073 521
15.5335 522
15.5596 522
15.5858 523
15.6119 524
15.6381 525
15.6642 526
15.6904 527
15.7165 528
15.7427 529
15.7688 530
15.795 531
15.8211 532
15.8473 533
15.8734 534
15.8996 535
15.9257 536
15.9519 536
15.978 537
16.0042 538
16.0303 539
16.0565 540
16.0826 541
16.1088 542
16.1349 542
16.1611 543
16.1872 544
16.2134 545
16.2395 546
16.2657 546
16.2918 547
16.318 548
16.3441 549
16.3703 550
16.3964 551
16.4226 552
16.4487 553
16.4749 554
16.501 555
16.5272 555
16.5533 556
16.5795 557
16.6056 558
16.6318 559
16.6579 560
16.6841 561
16.7103 562
16.7364 563
16.7626 564
16.7887 565
16.8149 566
16.841 567
16.8672 568
16.8933 569
16.9195 570
16.9456 571
16.9718 572
16.9979 573
17.0241 574
17.0502 575
17.0764 576
17.1025 577
17.1287 578
17.1548 579
17.181 580
17.2071 581
17.2333 582
17.2594 583
17.2856 584
17.3117 585
17.3379 586
17.364 587
17.3902 588
17.4163 589
17.4425 590
17.4686 591
17.4948 592
17.5209 593
17.5471 594
17.5732 595
17.5994 596
17.6255 597
17.6517 598
17.6778 599
17.704 600
17.7301 601
17.7563 602
17.7824 603
17.8086 604
17.8347 605
17.8609 606
17.887 607
17.9132 608
17.9393 609
17.9655 610
17.9916 610
18.0178 611
18.0439 611
18.0701 612
18.0962 613
18.1224 614
18.1485 615
18.1747 616
18.2008 617
18.227 618
18.2531 619
18.2793 620
18.3054 621
18.3316 622
18.3577 622
18.3839 623
18.41 624
18.4362 625
18.4623 626
18.4885 626
18.5146 627
18.5408 628
18.5669 629
18.5931 630
18.6192 630
18.6454 631
18.6715 632
18.6977 633
18.7238 633
18.75 634
18.7762 634
18.8023 635
18.8285 636
18.8546 637
18.8808 638
18.9069 639
18.9331 640
18.9592 641
18.9854 641
19.0115 642
19.0377 643
19.0638 644
19.09 645
19.1161 646
19.1423 647
19.1684 648
19.1946 649
19.2207 650
19.2469 651
19.273 652
19.2992 653
19.3253 654
19.3515 655
19.3776 656
19.4038 657
19.4299 658
19.4561 659
19.4822 660
19.5084 660
19.5345 661
19.5607 662
19.5868 663
19.613 663
19.6391 664
19.6653 664
19.6914 665
19.7176 666
19.7437 667
19.7699 667
19.796 668
19.8222 668
19.8483 669
19.8745 669
19.9006 670
19.9268 671
19.9529 671
19.9791 672
20.0052 672
20.0314 673
20.0575 673
20.0837 674
20.1098 675
20.136 675
20.1621 676
20.1883 676
20.2144 677
20.2406 677
20.2667 678
20.2929 679
20.319 679
20.3452 680
20.3713 680
20.3975 681
20.4236 681
20.4498 682
20.4759 683
20.5021 683
20.5282 684
20.5544 684
20.5805 685
20.6067 685
20.6328 686
20.659 686
20.6851 687
20.7113 688
20.7374 688
20.7636 689
20.7897 689
20.8159 690
20.8421 690
20.8682 691
20.8944 692
20.9205 692
20.9467 693
20.9728 693
20.999 694
21.0251 694
21.0513 695
21.0774 696
21.1036 696
21.1297 697
21.1559 698
21.182 698
21.2082 699
21.2343 699
21.2605 700
21.2866 701
21.3128 701
21.3389 702
21.3651 703
21.3912 703
21.4174 704
21.4435 704
21.4697 705
21.4958 705
21.522 706
21.5481 707
21.5743 707
21.6004 708
21.6266 708
21.6527 709
21.6789 709
21.705 710
21.7312 711
21.7573 711
21.7835 712
21.8096 712
21.8358 713
21.8619 714
21.8881 715
21.9142 716
21.9404 716
21.9665 717
21.9927 717
22.0188 718
22.045 719
22.0711 720
22.0973 721
22.1234 721
22.1496 722
22.1757 723
22.2019 723
22.228 724
22.2542 724
22.2803 725
22.3065 725
22.3326 726
22.3588 726
22.3849 727
22.4111 727
22.4372 728
22.4634 729
22.4895 729
22.5157 730
22.5418 730
22.568 731
22.5941 732
22.6203 732
22.6464 733
22.6726 734
22.6987 734
22.7249 735
22.751 735
22.7772 736
22.8033 736
22.8295 737
22.8556 737
22.8818 738
22.9079 738
22.9341 739
22.9603 739
22.9864 740
23.0126 740
23.0387 741
23.0649 742
23.091 742
23.1172 743
23.1433 743
23.1695 744
23.1956 745
23.2218 745
23.2479 746
23.2741 747
23.3002 748
23.3264 749
23.3525 750
23.3787 751
23.4048 752
23.431 753
23.4571 754
23.4833 755
23.5094 756
23.5356 757
23.5617 758
23.5879 759
23.614 760
23.6402 761
23.6663 762
23.6925 763
23.7186 764
23.7448 765
23.7709 766
23.7971 767
23.8232 768
23.8494 769
23.8755 769
23.9017 770
23.9278 771
23.954 772
23.9801 773
24.0063 774
24.0324 775
24.0586 776
24.0847 777
24.1109 778
24.137 779
24.1632 780
24.1893 781
24.2155 782
24.2416 783
24.2678 784
24.2939 785
24.3201 786
24.3462 787
24.3724 788
24.3985 789
24.4247 790
24.4508 791
24.477 792
24.5031 793
24.5293 794
24.5554 795
24.5816 796
24.6077 797
24.6339 798
24.66 799
24.6862 800
24.7123 801
24.7385 802
24.7646 803
24.7908 804
24.8169 805
24.8431 806
24.8692 807
24.8954 808
24.9215 809
24.9477 810
24.9738 811
25 812
25.0262 813
25.0523 814
25.0785 815
25.1046 816
25.1308 816
25.1569 817
25.1831 818
25.2092 819
25.2354 820
25.2615 821
25.2877 822
25.3138 823
25.34 824
25.3661 825
25.3923 826
25.4184 827
25.4446 828
25.4707 829
25.4969 830
25.523 831
25.5492 832
25.5753 833
25.6015 834
25.6276 835
25.6538 836
25.6799 837
25.7061 838
25.7322 839
25.7584 840
25.7845 841
25.8107 842
25.8368 843
25.863 844
25.8891 845
25.9153 846
25.9414 847
25.9676 848
25.9937 849
26.0199 850
26.046 851
26.0722 852
26.0983 853
26.1245 854
26.1506 855
26.1768 856
26.2029 857
26.2291 858
26.2552 859
26.2814 860
26.3075 861
26.3337 862
26.3598 863
26.386 864
26.4121 865
26.4383 866
26.4644 867
26.4906 868
26.5167 869
26.5429 870
26.569 871
26.5952 872
26.6213 873
26.6475 873
26.6736 874
26.6998 874
26.7259 875
26.7521 876
26.7782 877
26.8044 878
26.8305 879
26.8567 880
26.8828 881
26.909 882
26.9351 883
26.9613 884
26.9874 885
27.0136 886
27.0397 887
27.0659 888
27.0921 889
27.1182 890
27.1444 891
27.1705 892
27.1967 893
27.2228 894
27.249 895
27.2751 896
27.3013 897
27.3274 898
27.3536 899
27.3797 900
27.4059 901
27.432 902
27.4582 903
27.4843 904
27.5105 905
27.5366 906
27.5628 907
27.5889 908
27.6151 909
27.6412 910
27.6674 911
27.6935 912
27.7197 913
27.7458 914
27.772 915
27.7981 916
27.8243 917
27.8504 918
27.8766 919
27.9027 920
27.9289 921
27.955 922
27.9812 923
28.0073 924
28.0335 925
28.0596 926
28.0858 927
28.1119 928
28.1381 929
28.1642 930
28.1904 931
28.2165 932
28.2427 933
28.2688 934
28.295 935
28.3211 936
28.3473 937
28.3734 938
28.3996 939
28.4257 940
28.4519 941
28.478 942
28.5042 943
28.5303 944
28.5565 945
28.5826 946
28.6088 947
28.6349 948
28.6611 949
28.6872 950
28.7134 951
28.7395 952
28.7657 953
28.7918 954
28.818 955
28.8441 956
28.8703 957
28.8964 958
28.9226 959
28.9487 960
28.9749 961
29.001 962
29.0272 963
29.0533 964
29.0795 965
29.1056 966
29.1318 967
29.1579 968
29.1841 969
29.2103 970
29.2364 971
29.2626 972
29.2887 973
29.3149 974
29.341 975
29.3672 976
29.3933 977
29.4195 978
29.4456 979
29.4718 980
29.4979 981
29.5241 982
29.5502 983
29.5764 984
29.6025 985
29.6287 986
29.6548 987
29.681 988
29.7071 989
29.7333 990
29.7594 991
29.7856 992
29.8117 993
29.8379 994
29.864 995
29.8902 996
29.9163 997
29.9425 998
29.9686 999
29.9948 1000
30.0209 1001
30.0471 1002
30.0732 1003
30.0994 1004
30.1255 1005
30.1517 1006
30.1778 1007
30.204 1008
30.2301 1009
30.2563 1010
30.2824 1011
30.3086 1012
30.3347 1013
30.3609 1014
30.387 1015
30.4132 1016
30.4393 1017
30.4655 1018
30.4916 1019
30.5178 1020
30.5439 1021
30.5701 1022
30.5962 1023
30.6224 1024
30.6485 1025
30.6747 1026
30.7008 1027
30.727 1028
30.7531 1029
30.7793 1030
30.8054 1031
30.8316 1032
30.8577 1033
30.8839 1034
30.91 1035
30.9362 1036
30.9623 1037
30.9885 1038
31.0146 1039
31.0408 1040
31.0669 1041
31.0931 1042
31.1192 1043
31.1454 1044
31.1715 1045
31.1977 1046
31.2238 1047
31.25 1048
31.2762 1049
31.3023 1050
31.3285 1051
31.3546 1052
31.3808 1053
31.4069 1054
31.4331 1055
31.4592 1056
31.4854 1057
31.5115 1058
31.5377 1059
31.5638 1060
31.59 1060
31.6161 1061
31.6423 1061
31.6684 1062
31.6946 1062
31.7207 1063
31.7469 1064
31.773 1065
31.7992 1066
31.8253 1067
31.8515 1068
31.8776 1069
31.9038 1070
31.9299 1071
31.9561 1072
31.9822 1073
32.0084 1074
32.0345 1075
32.0607 1076
32.0868 1077
32.113 1078
32.1391 1079
32.1653 1080
32.1914 1081
32.2176 1082
32.2437 1083
32.2699 1084
32.296 1085
32.3222 1086
32.3483 1087
32.3745 1088
32.4006 1089
32.4268 1090
32.4529 1091
32.4791 1092
32.5052 1093
32.5314 1094
32.5575 1095
32.5837 1096
32.6098 1097
32.636 1098
32.6621 1099
32.6883 1100
32.7144 1101
32.7406 1102
32.7667 1103
32.7929 1104
32.819 1105
32.8452 1106
32.8713 1107
32.8975 1108
32.9236 1109
32.9498 1110
32.9759 1111
33.0021 1112
33.0282 1113
33.0544 1114
33.0805 1115
33.1067 1116
33.1328 1117
33.159 1118
33.1851 1119
33.2113 1120
33.2374 1121
33.2636 1122
33.2897 1123
33.3159 1124
33.3421 1125
33.3682 1126
33.3944 1127
33.4205 1128
33.4467 1129
33.4728 1130
33.499 1131
33.5251 1132
33.5513 1133
33.5774 1134
33.6036 1135
33.6297 1136
33.6559 1137
33.682 1138
33.7082 1139
33.7343 1140
33.7605 1141
33.7866 1142
33.8128 1143
33.8389 1144
33.8651 1145
33.8912 1146
33.9174 1147
33.9435 1148
33.9697 1149
33.9958 1150
34.022 1151
34.0481 1152
34.0743 1153
34.1004 1154
34.1266 1155
34.1527 1156
34.1789 1157
34.205 1158
34.2312 1159
34.2573 1160
34.2835 1161
34.3096 1162
34.3358 1163
34.3619 1164
34.3881 1165
34.4142 1166
34.4404 1167
34.4665 1168
34.4927 1169
34.5188 1170
34.545 1171
34.5711 1172
34.5973 1173
34.6234 1174
34.6496 1175
34.6757 1176
34.7019 1177
34.728 1178
34.7542 1179
34.7803 1180
34.8065 1181
34.8326 1182
34.8588 1183
34.8849 1184
34.9111 1185
34.9372 1186
34.9634 1187
34.9895 1188
35.0157 1189
35.0418 1190
35.068 1191
35.0941 1192
35.1203 1193
35.1464 1194
35.1726 1195
35.1987 1196
35.2249 1197
35.251 1198
35.2772 1199
35.3033 1200
35.3295 1201
35.3556 1202
35.3818 1203
35.4079 1204
35.4341 1205
35.4603 1206
35.4864 1207
35.5126 1208
35.5387 1209
35.5649 1210
35.591 1211
35.6172 1212
35.6433 1213
35.6695 1214
35.6956 1215
35.7218 1216
35.7479 1217
35.7741 1218
35.8002 1219
35.8264 1220
35.8525 1221
35.8787 1222
35.9048 1223
35.931 1224
35.9571 1225
35.9833 1226
36.0094 1227
36.0356 1228
36.0617 1229
36.0879 1230
36.114 1231
36.1402 1232
36.1663 1233
36.1925 1234
36.2186 1235
36.2448 1236
36.2709 1237
36.2971 1238
36.3232 1239
36.3494 1240
36.3755 1241
36.4017 1242
36.4278 1243
36.454 1244
36.4801 1245
36.5063 1246
36.5324 1247
36.5586 1248
36.5847 1249
36.6109 1250
36.637 1251
36.6632 1252
36.6893 1253
36.7155 1254
36.7416 1255
36.7678 1256
36.7939 1257
36.8201 1258
36.8462 1259
36.8724 1260
36.8985 1261
36.9247 1262
36.9508 1263
36.977 1264
37.0031 1265
37.0293 1266
37.0554 1267
37.0816 1268
37.1077 1269
37.1339 1270
37.16 1271
37.1862 1272
37.2123 1273
37.2385 1274
37.2646 1275
37.2908 1276
37.3169 1277
37.3431 1278
37.3692 1279
37.3954 1280
37.4215 1281
37.4477 1282
37.4738 1283
37.5 1284
37.5262 1285
37.5523 1286
37.5785 1287
37.6046 1288
37.6308 1289
37.6569 1290
37.6831 1291
37.7092 1292
37.7354 1293
37.7615 1294
37.7877 1295
37.8138 1296
37.84 1297
37.8661 1298
37.8923 1299
37.9184 1300
37.9446 1301
37.9707 1302
37.9969 1303
38.023 1304
38.0492 1305
38.0753 1306
38.1015 1307
38.1276 1308
38.1538 1308
38.1799 1309
38.2061 1309
38.2322 1310
38.2584 1311
38.2845 1311
38.3107 1312
38.3368 1312
38.363 1313
38.3891 1313
38.4153 1314
38.4414 1314
38.4676 1315
38.4937 1315
38.5199 1316
38.546 1316
38.5722 1317
38.5983 1318
38.6245 1319
38.6506 1320
38.6768 1321
38.7029 1322
38.7291 1323
38.7552 1324
38.7814 1325
38.8075 1326
38.8337 1327
38.8598 1328
38.886 1329
38.9121 1330
38.9383 1331
38.9644 1332
38.9906 1333
39.0167 1334
39.0429 1335
39.069 1336
39.0952 1337
39.1213 1338
39.1475 1339
39.1736 1340
39.1998 1341
39.2259 1342
39.2521 1343
39.2782 1344
39.3044 1345
39.3305 1346
39.3567 1347
39.3828 1348
39.409 1348
39.4351 1349
39.4613 1349
39.4874 1350
39.5136 1350
39.5397 1351
39.5659 1351
39.5921 1352
39.6182 1353
39.6444 1354
39.6705 1355
39.6967 1356
39.7228 1357
39.749 1358
39.7751 1359
39.8013 1360
39.8274 1361
39.8536 1362
39.8797 1363
39.9059 1364
39.932 1365
39.9582 1366
39.9843 1367
40.0105 1368
40.0366 1369
40.0628 1370
40.0889 1371
40.1151 1372
40.1412 1373
40.1674 1374
40.1935 1375
40.2197 1376
40.2458 1377
40.272 1378
40.2981 1379
40.3243 1380
40.3504 1381
40.3766 1382
40.4027 1383
40.4289 1384
40.455 1385
40.4812 1386
40.5073 1387
40.5335 1388
40.5596 1389
40.5858 1390
40.6119 1391
40.6381 1392
40.6642 1393
40.6904 1394
40.7165 1395
40.7427 1396
40.7688 1397
40.795 1398
40.8211 1399
40.8473 1400
40.8734 1401
40.8996 1402
40.9257 1403
40.9519 1404
40.978 1405
41.0042 1406
41.0303 1407
41.0565 1408
41.0826 1409
41.1088 1410
41.1349 1411
41.1611 1412
41.1872 1413
41.2134 1414
41.2395 1415
41.2657 1416
41.2918 1417
41.318 1418
41.3441 1419
41.3703 1420
41.3964 1421
41.4226 1422
41.4487 1423
41.4749 1424
41.501 1425
41.5272 1426
41.5533 1427
41.5795 1428
41.6056 1429
41.6318 1430
41.6579 1431
41.6841 1432
41.7103 1433
41.7364 1434
41.7626 1435
41.7887 1436
41.8149 1437
41.841 1438
41.8672 1439
41.8933 1440
41.9195 1441
41.9456 1442
41.9718 1443
41.9979 1444
42.0241 1445
42.0502 1446
42.0764 1447
42.1025 1448
42.1287 1449
42.1548 1450
42.181 1451
42.2071 1452
42.2333 1453
42.2594 1454
42.2856 1455
42.3117 1456
42.3379 1457
42.364 1458
42.3902 1459
42.4163 1460
42.4425 1461
42.4686 1462
42.4948 1463
42.5209 1464
42.5471 1465
42.5732 1466
42.5994 1467
42.6255 1468
42.6517 1469
42.6778 1470
42.704 1471
42.7301 1472
42.7563 1473
42.7824 1474
42.8086 1475
42.8347 1476
42.8609 1477
42.887 1478
42.9132 1479
42.9393 1480
42.9655 1481
42.9916 1482
43.0178 1483
43.0439 1484
43.0701 1485
43.0962 1486
43.1224 1487
43.1485 1488
43.1747 1489
43.2008 1490
43.227 1491
43.2531 1492
43.2793 1493
43.3054 1494
43.3316 1495
43.3577 1496
43.3839 1497
43.41 1498
43.4362 1499
43.4623 1500
43.4885 1501
43.5146 1502
43.5408 1503
43.5669 1504
43.5931 1505
43.6192 1506
43.6454 1507
43.6715 1508
43.6977 1509
43.7238 1510
43.75 1511
43.7762 1512
43.8023 1513
43.8285 1514
43.8546 1515
43.8808 1516
43.9069 1517
43.9331 1518
43.9592 1519
43.9854 1520
44.0115 1521
44.0377 1522
44.0638 1523
44.09 1524
44.1161 1525
44.1423 1526
44.1684 1527
44.1946 1528
44.2207 1529
44.2469 1530
44.273 1531
44.2992 1532
44.3253 1533
44.3515 1534
44.3776 1535
44.4038 1536
44.4299 1537
44.4561 1538
44.4822 1539
44.5084 1540
44.5345 1541
44.5607 1542
44.5868 1543
44.613 1544
44.6391 1545
44.6653 1546
44.6914 1547
44.7176 1548
44.7437 1549
44.7699 1550
44.796 1551
44.8222 1552
44.8483 1553
44.8745 1554
44.9006 1555
44.9268 1556
44.9529 1557
44.9791 1558
45.0052 1559
45.0314 1560
45.0575 1561
45.0837 1562
45.1098 1563
45.136 1564
45.1621 1565
45.1883 1566
45.2144 1567
45.2406 1568
45.2667 1569
45.2929 1570
45.319 1571
45.3452 1572
45.3713 1573
45.3975 1574
45.4236 1575
45.4498 1576
45.4759 1577
45.5021 1578
45.5282 1579
45.5544 1580
45.5805 1581
45.6067 1582
45.6328 1583
45.659 1584
45.6851 1585
45.7113 1586
45.7374 1587
45.7636 1588
45.7897 1589
45.8159 1590
45.8421 1591
45.8682 1592
45.8944 1593
45.9205 1594
45.9467 1595
45.9728 1596
45.999 1597
46.0251 1598
46.0513 1599
46.0774 1600
46.1036 1601
46.1297 1602
46.1559 1603
46.182 1604
46.2082 1605
46.2343 1606
46.2605 1607
46.2866 1608
46.3128 1609
46.3389 1610
46.3651 1611
46.3912 1612
46.4174 1613
46.4435 1614
46.4697 1615
46.4958 1616
46.522 1617
46.5481 1618
46.5743 1619
46.6004 1620
46.6266 1621
46.6527 1622
46.6789 1623
46.705 1624
46.7312 1625
46.7573 1626
46.7835 1627
46.8096 1628
46.8358 1629
46.8619 1630
46.8881 1631
46.9142 1632
46.9404 1633
46.9665 1634
46.9927 1635
47.0188 1636
47.045 1637
47.0711 1638
47.0973 1639
47.1234 1640
47.1496 1641
47.1757 1642
47.2019 1643
47.228 1644
47.2542 1645
47.2803 1646
47.3065 1647
47.3326 1648
47.3588 1649
47.3849 1650
47.4111 1651
47.4372 1652
47.4634 1653
47.4895 1654
47.5157 1655
47.5418 1656
47.568 1657
47.5941 1658
47.6203 1659
47.6464 1660
47.6726 1661
47.6987 1661
47.7249 1662
47.751 1663
47.7772 1664
47.8033 1665
47.8295 1665
47.8556 1666
47.8818 1667
47.9079 1668
47.9341 1669
47.9603 1669
47.9864 1670
48.0126 1670
48.0387 1671
48.0649 1672
48.091 1673
48.1172 1674
48.1433 1674
48.1695 1675
48.1956 1676
48.2218 1677
48.2479 1678
48.2741 1679
48.3002 1679
48.3264 1680
48.3525 1681
48.3787 1682
48.4048 1683
48.431 1684
48.4571 1684
48.4833 1685
48.5094 1686
48.5356 1687
48.5617 1688
48.5879 1689
48.614 1689
48.6402 1690
48.6663 1691
48.6925 1692
48.7186 1693
48.7448 1694
48.7709 1695
48.7971 1696
48.8232 1697
48.8494 1698
48.8755 1699
48.9017 1699
48.9278 1700
48.954 1700
48.9801 1701
49.0063 1701
49.0324 1702
49.0586 1702
49.0847 1703
49.1109 1703
49.137 1704
49.1632 1704
49.1893 1705
49.2155 1705
49.2416 1706
49.2678 1706
49.2939 1707
49.3201 1708
49.3462 1709
49.3724 1710
49.3985 1710
49.4247 1711
49.4508 1711
49.477 1712
49.5031 1713
49.5293 1714
49.5554 1715
49.5816 1715
49.6077 1716
49.6339 1716
49.66 1717
49.6862 1718
49.7123 1719
49.7385 1720
49.7646 1721
49.7908 1721
49.8169 1722
49.8431 1722
49.8692 1723
49.8954 1724
49.9215 1725
49.9477 1726
49.9738 1727
50 1728
50.0262 1729
50.0523 1730
50.0785 1730
50.1046 1731
50.1308 1732
50.1569 1733
50.1831 1734
50.2092 1734
50.2354 1735
50.2615 1735
50.2877 1736
50.3138 1737
50.34 1738
50.3661 1739
50.3923 1739
50.4184 1740
50.4446 1740
50.4707 1741
50.4969 1742
50.523 1743
50.5492 1744
50.5753 1745
50.6015 1745
50.6276 1746
50.6538 1746
50.6799 1747
50.7061 1748
50.7322 1749
50.7584 1750
50.7845 1750
50.8107 1751
50.8368 1751
50.863 1752
50.8891 1753
50.9153 1754
50.9414 1755
50.9676 1756
50.9937 1756
51.0199 1757
51.046 1757
51.0722 1758
51.0983 1758
51.1245 1759
51.1506 1759
51.1768 1760
51.2029 1761
51.2291 1762
51.2552 1763
51.2814 1764
51.3075 1765
51.3337 1766
51.3598 1767
51.386 1768
51.4121 1768
51.4383 1769
51.4644 1770
51.4906 1771
51.5167 1772
51.5429 1773
51.569 1773
51.5952 1774
51.6213 1775
51.6475 1776
51.6736 1777
51.6998 1778
51.7259 1778
51.7521 1779
51.7782 1779
51.8044 1780
51.8305 1781
51.8567 1782
51.8828 1783
51.909 1784
51.9351 1784
51.9613 1785
51.9874 1785
52.0136 1786
52.0397 1786
52.0659 1787
52.0921 1787
52.1182 1788
52.1444 1789
52.1705 1790
52.1967 1791
52.2228 1792
52.249 1792
52.2751 1793
52.3013 1793
52.3274 1794
52.3536 1795
52.3797 1796
52.4059 1797
52.432 1797
52.4582 1798
52.4843 1798
52.5105 1799
52.5366 1799
52.5628 1800
52.5889 1800
52.6151 1801
52.6412 1802
52.6674 1803
52.6935 1804
52.7197 1804
52.7458 1805
52.772 1805
52.7981 1806
52.8243 1807
52.8504 1808
52.8766 1809
52.9027 1809
52.9289 1810
52.955 1810
52.9812 1811
53.0073 1812
53.0335 1813
53.0596 1814
53.0858 1815
53.1119 1815
53.1381 1816
53.1642 1817
53.1904 1818
53.2165 1819
53.2427 1819
53.2688 1820
53.295 1820
53.3211 1821
53.3473 1822
53.3734 1822
53.3996 1823
53.4257 1824
53.4519 1824
53.478 1825
53.5042 1826
53.5303 1827
53.5565 1828
53.5826 1829
53.6088 1830
53.6349 1831
53.6611 1832
53.6872 1833
53.7134 1833
53.7395 1834
53.7657 1834
53.7918 1835
53.818 1835
53.8441 1836
53.8703 1836
53.8964 1837
53.9226 1838
53.9487 1839
53.9749 1840
54.001 1841
54.0272 1842
54.0533 1843
54.0795 1844
54.1056 1844
54.1318 1845
54.1579 1845
54.1841 1846
54.2103 1846
54.2364 1847
54.2626 1847
54.2887 1848
54.3149 1849
54.341 1850
54.3672 1851
54.3933 1852
54.4195 1853
54.4456 1854
54.4718 1855
54.4979 1856
54.5241 1857
54.5502 1858
54.5764 1859
54.6025 1860
54.6287 1861
54.6548 1862
54.681 1863
54.7071 1864
54.7333 1865
54.7594 1866
54.7856 1867
54.8117 1868
54.8379 1869
54.864 1870
54.8902 1871
54.9163 1872
54.9425 1873
54.9686 1874
54.9948 1875
55.0209 1876
55.0471 1877
55.0732 1878
55.0994 1879
55.1255 1880
55.1517 1881
55.1778 1882
55.204 1883
55.2301 1884
55.2563 1885
55.2824 1886
55.3086 1887
55.3347 1888
55.3609 1889
55.387 1890
55.4132 1891
55.4393 1892
55.4655 1893
55.4916 1894
55.5178 1894
55.5439 1895
55.5701 1895
55.5962 1896
55.6224 1896
55.6485 1897
55.6747 1897
55.7008 1898
55.727 1899
55.7531 1900
55.7793 1901
55.8054 1902
55.8316 1902
55.8577 1903
55.8839 1903
55.91 1904
55.9362 1904
55.9623 1905
55.9885 1906
56.0146 1907
56.0408 1908
56.0669 1909
56.0931 1910
56.1192 1911
56.1454 1912
56.1715 1913
56.1977 1914
56.2238 1915
56.25 1916
56.2762 1917
56.3023 1917
56.3285 1918
56.3546 1918
56.3808 1919
56.4069 1919
56.4331 1920
56.4592 1920
56.4854 1921
56.5115 1922
56.5377 1922
56.5638 1923
56.59 1924
56.6161 1925
56.6423 1926
56.6684 1926
56.6946 1927
56.7207 1927
56.7469 1928
56.773 1928
56.7992 1929
56.8253 1929
56.8515 1930
56.8776 1930
56.9038 1931
56.9299 1931
56.9561 1932
56.9822 1932
57.0084 1933
57.0345 1933
57.0607 1934
57.0868 1935
57.113 1936
57.1391 1937
57.1653 1938
57.1914 1939
57.2176 1940
57.2437 1941
57.2699 1942
57.296 1943
57.3222 1944
57.3483 1945
57.3745 1945
57.4006 1946
57.4268 1946
57.4529 1947
57.4791 1947
57.5052 1948
57.5314 1948
57.5575 1949
57.5837 1950
57.6098 1951
57.636 1952
57.6621 1952
57.6883 1953
57.7144 1953
57.7406 1954
57.7667 1954
57.7929 1955
57.819 1955
57.8452 1956
57.8713 1957
57.8975 1958
57.9236 1959
57.9498 1960
57.9759 1961
58.0021 1961
58.0282 1962
58.0544 1962
58.0805 1963
58.1067 1963
58.1328 1964
58.159 1964
58.1851 1965
58.2113 1965
58.2374 1966
58.2636 1966
58.2897 1967
58.3159 1967
58.3421 1968
58.3682 1968
58.3944 1969
58.4205 1970
58.4467 1971
58.4728 1972
58.499 1973
58.5251 1974
58.5513 1975
58.5774 1975
58.6036 1976
58.6297 1976
58.6559 1977
58.682 1977
58.7082 1978
58.7343 1978
58.7605 1979
58.7866 1980
58.8128 1981
58.8389 1982
58.8651 1983
58.8912 1984
58.9174 1985
58.9435 1985
58.9697 1986
58.9958 1986
59.022 1987
59.0481 1987
59.0743 1988
59.1004 1988
59.1266 1989
59.1527 1990
59.1789 1991
59.205 1992
59.2312 1993
59.2573 1994
59.2835 1995
59.3096 1996
59.3358 1997
59.3619 1998
59.3881 1999
59.4142 1999
59.4404 2000
59.4665 2000
59.4927 2001
59.5188 2001
59.545 2002
59.5711 2002
59.5973 2003
59.6234 2004
59.6496 2005
59.6757 2006
59.7019 2007
59.728 2007
59.7542 2008
59.7803 2008
59.8065 2009
59.8326 2009
59.8588 2010
59.8849 2010
59.9111 2011
59.9372 2011
59.9634 2012
59.9895 2012
60.0157 2013
60.0418 2013
60.068 2014
60.0941 2014
60.1203 2015
60.1464 2016
60.1726 2017
60.1987 2018
60.2249 2018
60.251 2019
60.2772 2019
60.3033 2020
60.3295 2020
60.3556 2021
60.3818 2021
60.4079 2022
60.4341 2023
60.4603 2024
60.4864 2025
60.5126 2025
60.5387 2026
60.5649 2027
60.591 2028
60.6172 2029
60.6433 2029
60.6695 2030
60.6956 2030
60.7218 2031
60.7479 2032
60.7741 2033
60.8002 2034
60.8264 2035
60.8525 2035
60.8787 2036
60.9048 2036
60.931 2037
60.9571 2038
60.9833 2039
61.0094 2040
61.0356 2040
61.0617 2041
61.0879 2041
61.114 2042
61.1402 2043
61.1663 2044
61.1925 2045
61.2186 2045
61.2448 2046
61.2709 2046
61.2971 2047
61.3232 2048
61.3494 2049
61.3755 2050
61.4017 2051
61.4278 2051
61.454 2052
61.4801 2053
61.5063 2054
61.5324 2055
61.5586 2056
61.5847 2057
61.6109 2058
61.637 2059
61.6632 2060
61.6893 2060
61.7155 2061
61.7416 2061
61.7678 2062
61.7939 2063
61.8201 2064
61.8462 2065
61.8724 2066
61.8985 2067
61.9247 2068
61.9508 2069
61.977 2070
62.0031 2071
62.0293 2072
62.0554 2073
62.0816 2074
62.1077 2075
62.1339 2076
62.16 2077
62.1862 2078
62.2123 2079
62.2385 2080
62.2646 2081
62.2908 2082
62.3169 2083
62.3431 2084
62.3692 2085
62.3954 2086
62.4215 2086
62.4477 2087
62.4738 2087
62.5 2088
62.5262 2089
62.5523 2090
62.5785 2091
62.6046 2092
62.6308 2092
62.6569 2093
62.6831 2094
62.7092 2095
62.7354 2096
62.7615 2096
62.7877 2097
62.8138 2097
62.84 2098
62.8661 2098
62.8923 2099
62.9184 2099
62.9446 2100
62.9707 2101
62.9969 2102
63.023 2103
63.0492 2104
63.0753 2105
63.1015 2106
63.1276 2106
63.1538 2107
63.1799 2107
63.2061 2108
63.2322 2109
63.2584 2110
63.2845 2111
63.3107 2111
63.3368 2112
63.363 2112
63.3891 2113
63.4153 2114
63.4414 2115
63.4676 2116
63.4937 2116
63.5199 2117
63.546 2117
63.5722 2118
63.5983 2119
63.6245 2120
63.6506 2121
63.6768 2121
63.7029 2122
63.7291 2122
63.7552 2123
63.7814 2123
63.8075 2124
63.8337 2124
63.8598 2125
63.886 2126
63.9121 2127
63.9383 2128
63.9644 2129
63.9906 2130
64.0167 2131
64.0429 2132
64.069 2132
64.0952 2133
64.1213 2133
64.1475 2134
64.1736 2134
64.1998 2135
64.2259 2135
64.2521 2136
64.2782 2137
64.3044 2137
64.3305 2138
64.3567 2139
64.3828 2140
64.409 2141
64.4351 2141
64.4613 2142
64.4874 2142
64.5136 2143
64.5397 2143
64.5659 2144
64.5921 2144
64.6182 2145
64.6444 2145
64.6705 2146
64.6967 2146
64.7228 2147
64.749 2147
64.7751 2148
64.8013 2148
64.8274 2149
64.8536 2150
64.8797 2151
64.9059 2152
64.932 2153
64.9582 2153
64.9843 2154
65.0105 2154
65.0366 2155
65.0628 2156
65.0889 2157
65.1151 2158
65.1412 2159
65.1674 2159
65.1935 2160
65.2197 2161
65.2458 2162
65.272 2163
65.2981 2164
65.3243 2164
65.3504 2165
65.3766 2166
65.4027 2167
65.4289 2168
65.455 2169
65.4812 2170
65.5073 2170
65.5335 2171
65.5596 2171
65.5858 2172
65.6119 2173
65.6381 2174
65.6642 2175
65.6904 2176
65.7165 2177
65.7427 2178
65.7688 2179
65.795 2180
65.8211 2181
65.8473 2182
65.8734 2182
65.8996 2183
65.9257 2183
65.9519 2184
65.978 2184
66.0042 2185
66.0303 2185
66.0565 2186
66.0826 2187
66.1088 2188
66.1349 2189
66.1611 2189
66.1872 2190
66.2134 2190
66.2395 2191
66.2657 2191
66.2918 2192
66.318 2192
66.3441 2193
66.3703 2194
66.3964 2195
66.4226 2196
66.4487 2197
66.4749 2197
66.501 2198
66.5272 2198
66.5533 2199
66.5795 2199
66.6056 2200
66.6318 2200
66.6579 2201
66.6841 2202
66.7103 2203
66.7364 2204
66.7626 2205
66.7887 2205
66.8149 2206
66.841 2206
66.8672 2207
66.8933 2207
66.9195 2208
66.9456 2208
66.9718 2209
66.9979 2210
67.0241 2211
67.0502 2212
67.0764 2213
67.1025 2213
67.1287 2214
67.1548 2214
67.181 2215
67.2071 2215
67.2333 2216
67.2594 2216
67.2856 2217
67.3117 2218
67.3379 2219
67.364 2220
67.3902 2221
67.4163 2221
67.4425 2222
67.4686 2222
67.4948 2223
67.5209 2223
67.5471 2224
67.5732 2224
67.5994 2225
67.6255 2226
67.6517 2227
67.6778 2228
67.704 2229
67.7301 2229
67.7563 2230
67.7824 2230
67.8086 2231
67.8347 2231
67.8609 2232
67.887 2232
67.9132 2233
67.9393 2234
67.9655 2235
67.9916 2236
68.0178 2237
68.0439 2237
68.0701 2238
68.0962 2238
68.1224 2239
68.1485 2239
68.1747 2240
68.2008 2240
68.227 2241
68.2531 2242
