0.0258598 2
0.0517197 2
0.0775795 3
0.103439 4
0.129299 5
0.155159 6
0.181019 7
0.206879 7
0.232739 8
0.258598 9
0.284458 10
0.310318 11
0.336178 12
0.362038 13
0.387898 14
0.413757 15
0.439617 16
0.465477 17
0.491337 18
0.517197 19
0.543057 20
0.568916 21
0.594776 22
0.620636 23
0.646496 24
0.672356 25
0.698216 26
0.724076 27
0.749935 28
0.775795 29
0.801655 30
0.827515 31
0.853375 32
0.879235 33
0.905094 34
0.930954 35
0.956814 36
0.982674 37
1.00853 38
1.03439 39
1.06025 40
1.08611 41
1.11197 42
1.13783 43
1.16369 44
1.18955 45
1.21541 46
1.24127 47
1.26713 48
1.29299 49
1.31885 50
1.34471 51
1.37057 52
1.39643 53
1.42229 54
1.44815 55
1.47401 56
1.49987 57
1.52573 58
1.55159 59
1.57745 60
1.60331 61
1.62917 62
1.65503 63
1.68089 64
1.70675 65
1.73261 66
1.75847 67
1.78433 68
1.81019 69
1.83605 70
1.86191 71
1.88777 72
1.91363 73
1.93949 74
1.96535 75
1.99121 76
2.01707 77
2.04293 78
2.06879 79
2.09465 80
2.12051 81
2.14637 82
2.17223 83
2.19809 84
2.22395 85
2.24981 86
2.27567 87
2.30153 88
2.32739 89
2.35325 90
2.37911 91
2.40497 92
2.43082 93
2.45668 94
2.48254 95
2.5084 96
2.53426 97
2.56012 98
2.58598 99
2.61184 100
2.6377 101
2.66356 102
2.68942 103
2.71528 104
2.74114 105
2.767 106
2.79286 107
2.81872 108
2.84458 109
2.87044 110
2.8963 111
2.92216 112
2.94802 113
2.97388 113
2.99974 114
3.0256 115
3.05146 116
3.07732 117
3.10318 118
3.12904 119
3.1549 120
3.18076 121
3.20662 121
3.23248 122
3.25834 122
3.2842 123
3.31006 124
3.33592 125
3.36178 126
3.38764 126
3.4135 127
3.43936 128
3.46522 129
3.49108 130
3.51694 130
3.5428 131
3.56866 132
3.59452 133
3.62038 134
3.64624 135
3.6721 136
3.69796 136
3.72382 137
3.74968 138
3.77554 139
3.8014 140
3.82726 140
3.85312 141
3.87898 142
3.90484 143
3.9307 144
3.95656 145
3.98242 146
4.00828 146
4.03413 147
4.05999 148
4.08585 149
4.11171 150
4.13757 150
4.16343 151
4.18929 152
4.21515 153
4.24101 154
4.26687 155
4.29273 156
4.31859 156
4.34445 157
4.37031 158
4.39617 159
4.42203 160
4.44789 161
4.47375 162
4.49961 163
4.52547 164
4.55133 165
4.57719 166
4.60305 167
4.62891 168
4.65477 169
4.68063 169
4.70649 170
4.73235 171
4.75821 172
4.78407 173
4.80993 174
4.83579 175
4.86165 176
4.88751 177
4.91337 178
4.93923 179
4.96509 179
4.99095 180
5.01681 181
5.04267 182
5.06853 182
5.09439 183
5.12025 183
5.14611 184
5.17197 184
5.19783 185
5.22369 186
5.24955 187
5.27541 188
5.30127 188
5.32713 189
5.35299 190
5.37885 191
5.40471 191
5.43057 192
5.45643 192
5.48229 193
5.50815 193
5.53401 194
5.55987 194
5.58573 195
5.61159 195
5.63745 196
5.6633 197
5.68916 197
5.71502 198
5.74088 198
5.76674 199
5.7926 199
5.81846 200
5.84432 200
5.87018 201
5.89604 201
5.9219 202
5.94776 202
5.97362 203
5.99948 203
6.02534 204
6.0512 204
6.07706 205
6.10292 206
6.12878 206
6.15464 207
6.1805 207
6.20636 208
6.23222 208
6.25808 209
6.28394 210
6.3098 211
6.33566 212
6.36152 213
6.38738 214
6.41324 215
6.4391 216
6.46496 217
6.49082 218
6.51668 219
6.54254 220
6.5684 221
6.59426 222
6.62012 223
6.64598 224
6.67184 225
6.6977 226
6.72356 227
6.74942 228
6.77528 229
6.80114 230
6.827 230
6.85286 231
6.87872 232
6.90458 233
6.93044 234
6.9563 235
6.98216 236
7.00802 237
7.03388 238
7.05974 239
7.0856 240
7.11146 241
7.13732 242
7.16318 243
7.18904 244
7.2149 245
7.24076 246
7.26661 247
7.29247 248
7.31833 249
7.34419 250
7.37005 251
7.39591 252
7.42177 253
7.44763 254
7.47349 255
7.49935 256
7.52521 257
7.55107 258
7.57693 259
7.60279 260
7.62865 261
7.65451 262
7.68037 263
7.70623 264
7.73209 265
7.75795 266
7.78381 267
7.80967 268
7.83553 269
7.86139 270
7.88725 271
7.91311 272
7.93897 273
7.96483 274
7.99069 275
8.01655 276
8.04241 277
8.06827 278
8.09413 279
8.11999 280
8.14585 281
8.17171 282
8.19757 283
8.22343 284
8.24929 285
8.27515 286
8.30101 287
8.32687 288
8.35273 288
8.37859 289
8.40445 289
8.43031 290
8.45617 291
8.48203 292
8.50789 293
8.53375 294
8.55961 295
8.58547 296
8.61133 297
8.63719 297
8.66305 298
8.68891 299
8.71477 299
8.74063 300
8.76649 300
8.79235 301
8.81821 301
8.84407 302
8.86993 302
8.89578 303
8.92164 303
8.9475 304
8.97336 304
8.99922 305
9.02508 305
9.05094 306
9.0768 306
9.10266 307
9.12852 307
9.15438 308
9.18024 308
9.2061 309
9.23196 309
9.25782 310
9.28368 310
9.30954 311
9.3354 312
9.36126 312
9.38712 313
9.41298 313
9.43884 314
9.4647 314
9.49056 315
9.51642 315
9.54228 316
9.56814 316
9.594 317
9.61986 317
9.64572 318
9.67158 318
9.69744 319
9.7233 319
9.74916 320
9.77502 320
9.80088 321
9.82674 321
9.8526 322
9.87846 322
9.90432 323
9.93018 324
9.95604 325
9.9819 326
10.0078 327
10.0336 328
10.0595 329
10.0853 330
10.1112 331
10.1371 332
10.1629 333
10.1888 334
10.2146 335
10.2405 336
10.2664 337
10.2922 338
10.3181 339
10.3439 340
10.3698 340
10.3957 341
10.4215 341
10.4474 342
10.4732 343
10.4991 344
10.525 345
10.5508 345
10.5767 346
10.6025 347
10.6284 348
10.6543 349
10.6801 350
10.706 351
10.7318 351
10.7577 352
10.7836 353
10.8094 354
10.8353 355
10.8611 356
10.887 357
10.9129 358
10.9387 359
10.9646 359
10.9904 360
11.0163 360
11.0422 361
11.068 362
11.0939 363
11.1197 364
11.1456 364
11.1715 365
11.1973 366
11.2232 367
11.249 368
11.2749 369
11.3007 370
11.3266 371
11.3525 372
11.3783 373
11.4042 374
11.43 375
11.4559 376
11.4818 377
11.5076 378
11.5335 379
11.5593 380
11.5852 381
11.6111 382
11.6369 383
11.6628 384
11.6886 385
11.7145 386
11.7404 387
11.7662 388
11.7921 389
11.8179 390
11.8438 391
11.8697 392
11.8955 393
11.9214 394
11.9472 395
11.9731 396
11.999 397
12.0248 398
12.0507 399
12.0765 400
12.1024 401
12.1283 402
12.1541 403
12.18 404
12.2058 405
12.2317 406
12.2576 407
12.2834 408
12.3093 409
12.3351 410
12.361 411
12.3869 412
12.4127 413
12.4386 414
12.4644 415
12.4903 416
12.5162 416
12.542 417
12.5679 418
12.5937 418
12.6196 419
12.6455 419
12.6713 420
12.6972 421
12.723 422
12.7489 423
12.7748 424
12.8006 425
12.8265 426
12.8523 427
12.8782 428
12.9041 429
12.9299 430
12.9558 431
12.9816 432
13.0075 433
13.0334 434
13.0592 435
13.0851 436
13.1109 437
13.1368 438
13.1627 439
13.1885 440
13.2144 441
13.2402 442
13.2661 443
13.292 444
13.3178 445
13.3437 446
13.3695 447
13.3954 448
13.4213 449
13.4471 450
13.473 451
13.4988 452
13.5247 453
13.5506 454
13.5764 455
13.6023 456
13.6281 457
13.654 458
13.6799 459
13.7057 460
13.7316 461
13.7574 462
13.7833 463
13.8092 464
13.835 465
13.8609 466
13.8867 467
13.9126 468
13.9385 469
13.9643 470
13.9902 471
14.016 472
14.0419 473
14.0678 474
14.0936 475
14.1195 475
14.1453 476
14.1712 477
14.1971 478
14.2229 479
14.2488 480
14.2746 481
14.3005 482
14.3264 483
14.3522 483
14.3781 484
14.4039 485
14.4298 486
14.4557 487
14.4815 488
14.5074 489
14.5332 490
14.5591 491
14.5849 492
14.6108 493
14.6367 494
14.6625 495
14.6884 496
14.7142 497
14.7401 498
14.766 499
14.7918 500
14.8177 501
14.8435 502
14.8694 503
14.8953 504
14.9211 505
14.947 506
14.9728 507
14.9987 508
15.0246 509
15.0504 510
15.0763 511
15.1021 512
15.128 513
15.1539 514
15.1797 515
15.2056 516
15.2314 517
15.2573 518
15.2832 519
15.309 520
15.3349 521
15.3607 522
15.3866 522
15.4125 523
15.4383 524
15.4642 525
15.49 526
15.5159 527
15.5418 528
15.5676 529
15.5935 530
15.6193 531
15.6452 532
15.6711 533
15.6969 534
15.7228 535
15.7486 536
15.7745 536
15.8004 537
15.8262 538
15.8521 539
15.8779 540
15.9038 541
15.9297 542
15.9555 542
15.9814 543
16.0072 544
16.0331 545
16.059 546
16.0848 546
16.1107 547
16.1365 548
16.1624 549
16.1883 550
16.2141 551
16.24 552
16.2658 553
16.2917 554
16.3176 555
16.3434 555
16.3693 556
16.3951 557
16.421 558
16.4469 559
16.4727 560
16.4986 561
16.5244 562
16.5503 563
16.5762 564
16.602 565
16.6279 566
16.6537 567
16.6796 568
16.7055 569
16.7313 570
16.7572 571
16.783 572
16.8089 573
16.8348 574
16.8606 575
16.8865 576
16.9123 577
16.9382 578
16.9641 579
16.9899 580
17.0158 581
17.0416 582
17.0675 583
17.0934 584
17.1192 585
17.1451 586
17.1709 587
17.1968 588
17.2227 589
17.2485 590
17.2744 591
17.3002 592
17.3261 593
17.352 594
17.3778 595
17.4037 596
17.4295 597
17.4554 598
17.4813 599
17.5071 600
17.533 601
17.5588 602
17.5847 603
17.6106 604
17.6364 605
17.6623 606
17.6881 607
17.714 608
17.7399 609
17.7657 610
17.7916 610
17.8174 611
17.8433 611
17.8691 612
17.895 613
17.9209 614
17.9467 615
17.9726 616
17.9984 617
18.0243 618
18.0502 619
18.076 620
18.1019 621
18.1277 622
18.1536 622
18.1795 623
18.2053 624
18.2312 625
18.257 626
18.2829 626
18.3088 627
18.3346 628
18.3605 629
18.3863 630
18.4122 630
18.4381 631
18.4639 632
18.4898 633
18.5156 633
18.5415 634
18.5674 634
18.5932 635
18.6191 636
18.6449 637
18.6708 638
18.6967 639
18.7225 640
18.7484 641
18.7742 641
18.8001 642
18.826 643
18.8518 644
18.8777 645
18.9035 646
18.9294 647
18.9553 648
18.9811 649
19.007 650
19.0328 651
19.0587 652
19.0846 653
19.1104 654
19.1363 655
19.1621 656
19.188 657
19.2139 658
19.2397 659
19.2656 660
19.2914 660
19.3173 661
19.3432 662
19.369 663
19.3949 663
19.4207 664
19.4466 664
19.4725 665
19.4983 666
19.5242 667
19.55 667
19.5759 668
19.6018 668
19.6276 669
19.6535 669
19.6793 670
19.7052 671
19.7311 671
19.7569 672
19.7828 672
19.8086 673
19.8345 673
19.8604 674
19.8862 675
19.9121 675
19.9379 676
19.9638 676
19.9897 677
20.0155 677
20.0414 678
20.0672 679
20.0931 679
20.119 680
20.1448 680
20.1707 681
20.1965 681
20.2224 682
20.2483 683
20.2741 683
20.3 684
20.3258 684
20.3517 685
20.3776 685
20.4034 686
20.4293 686
20.4551 687
20.481 688
20.5069 688
20.5327 689
20.5586 689
20.5844 690
20.6103 690
20.6362 691
20.662 692
20.6879 692
20.7137 693
20.7396 693
20.7655 694
20.7913 694
20.8172 695
20.843 696
20.8689 696
20.8948 697
20.9206 698
20.9465 698
20.9723 699
20.9982 699
21.024 700
21.0499 700
21.0758 700
21.1016 701
21.1275 702
21.1533 703
21.1792 703
21.2051 704
21.2309 704
21.2568 705
21.2826 705
21.3085 706
21.3344 707
21.3602 707
21.3861 708
21.4119 708
21.4378 709
21.4637 710
21.4895 711
21.5154 711
21.5412 712
21.5671 712
21.593 713
21.6188 714
21.6447 715
21.6705 716
21.6964 716
21.7223 717
21.7481 717
21.774 718
21.7998 719
21.8257 720
21.8516 721
21.8774 721
21.9033 722
21.9291 723
21.955 723
21.9809 724
22.0067 724
22.0326 725
22.0584 725
22.0843 726
22.1102 726
22.136 727
22.1619 727
22.1877 728
22.2136 729
22.2395 729
22.2653 730
22.2912 730
22.317 731
22.3429 732
22.3688 733
22.3946 734
22.4205 734
22.4463 735
22.4722 735
22.4981 736
22.5239 737
22.5498 738
22.5756 739
22.6015 739
22.6274 740
22.6532 740
22.6791 741
22.7049 742
22.7308 742
22.7567 743
22.7825 743
22.8084 744
22.8342 745
22.8601 746
22.886 747
22.9118 748
22.9377 749
22.9635 750
22.9894 750
23.0153 751
23.0411 752
23.067 753
23.0928 754
23.1187 755
23.1446 756
23.1704 757
23.1963 758
23.2221 759
23.248 760
23.2739 761
23.2997 762
23.3256 762
23.3514 763
23.3773 763
23.4032 764
23.429 764
23.4549 765
23.4807 766
23.5066 767
23.5325 768
23.5583 769
23.5842 769
23.61 770
23.6359 771
23.6618 772
23.6876 773
23.7135 774
23.7393 775
23.7652 776
23.7911 777
23.8169 778
23.8428 779
23.8686 780
23.8945 781
23.9204 782
23.9462 783
23.9721 784
23.9979 785
24.0238 786
24.0497 787
24.0755 788
24.1014 789
24.1272 790
24.1531 791
24.179 792
24.2048 793
24.2307 794
24.2565 795
24.2824 796
24.3082 797
24.3341 798
24.36 799
24.3858 800
24.4117 801
24.4375 802
24.4634 803
24.4893 804
24.5151 805
24.541 806
24.5668 807
24.5927 808
24.6186 809
24.6444 810
24.6703 811
24.6961 812
24.722 813
24.7479 814
24.7737 815
24.7996 816
24.8254 816
24.8513 817
24.8772 818
24.903 819
24.9289 820
24.9547 821
24.9806 822
25.0065 823
25.0323 824
25.0582 825
25.084 826
25.1099 827
25.1358 828
25.1616 829
25.1875 830
25.2133 831
25.2392 832
25.2651 833
25.2909 834
25.3168 835
25.3426 836
25.3685 837
25.3944 838
25.4202 839
25.4461 840
25.4719 841
25.4978 842
25.5237 843
25.5495 844
25.5754 845
25.6012 846
25.6271 847
25.653 848
25.6788 849
25.7047 850
25.7305 851
25.7564 852
25.7823 853
25.8081 854
25.834 855
25.8598 856
25.8857 857
25.9116 858
25.9374 859
25.9633 860
25.9891 861
26.015 862
26.0409 863
26.0667 864
26.0926 865
26.1184 866
26.1443 867
26.1702 868
26.196 869
26.2219 870
26.2477 871
26.2736 872
26.2995 873
26.3253 873
26.3512 874
26.377 874
26.4029 875
26.4288 876
26.4546 877
26.4805 878
26.5063 879
26.5322 880
26.5581 881
26.5839 882
26.6098 883
26.6356 884
26.6615 885
26.6874 886
26.7132 887
26.7391 888
26.7649 889
26.7908 890
26.8167 891
26.8425 892
26.8684 893
26.8942 894
26.9201 895
26.946 896
26.9718 897
26.9977 898
27.0235 899
27.0494 900
27.0753 901
27.1011 902
27.127 903
27.1528 904
27.1787 905
27.2046 906
27.2304 907
27.2563 908
27.2821 909
27.308 910
27.3339 911
27.3597 912
27.3856 913
27.4114 914
27.4373 915
27.4631 916
27.489 917
27.5149 918
27.5407 919
27.5666 920
27.5924 921
27.6183 922
27.6442 923
27.67 924
27.6959 925
27.7217 926
27.7476 927
27.7735 928
27.7993 929
27.8252 930
27.851 931
27.8769 932
27.9028 933
27.9286 934
27.9545 935
27.9803 936
28.0062 937
28.0321 938
28.0579 939
28.0838 940
28.1096 941
28.1355 942
28.1614 943
28.1872 944
28.2131 945
28.2389 946
28.2648 947
28.2907 948
28.3165 949
28.3424 950
28.3682 951
28.3941 952
28.42 953
28.4458 954
28.4717 955
28.4975 956
28.5234 957
28.5493 958
28.5751 959
28.601 960
28.6268 961
28.6527 962
28.6786 963
28.7044 964
28.7303 965
28.7561 966
28.782 967
28.8079 968
28.8337 969
28.8596 970
28.8854 971
28.9113 972
28.9372 973
28.963 974
28.9889 975
29.0147 976
29.0406 977
29.0665 978
29.0923 979
29.1182 980
29.144 981
29.1699 982
29.1958 983
29.2216 984
29.2475 985
29.2733 986
29.2992 987
29.3251 988
29.3509 989
29.3768 990
29.4026 991
29.4285 992
29.4544 993
29.4802 994
29.5061 995
29.5319 996
29.5578 997
29.5837 998
29.6095 999
29.6354 1000
29.6612 1001
29.6871 1002
29.713 1003
29.7388 1004
29.7647 1005
29.7905 1006
29.8164 1007
29.8423 1008
29.8681 1009
29.894 1010
29.9198 1011
29.9457 1012
29.9716 1013
29.9974 1014
30.0233 1015
30.0491 1016
30.075 1017
30.1009 1018
30.1267 1019
30.1526 1020
30.1784 1021
30.2043 1022
30.2302 1023
30.256 1024
30.2819 1025
30.3077 1026
30.3336 1027
30.3595 1028
30.3853 1029
30.4112 1030
30.437 1031
30.4629 1032
30.4888 1033
30.5146 1034
30.5405 1035
30.5663 1036
30.5922 1037
30.6181 1038
30.6439 1039
30.6698 1040
30.6956 1041
30.7215 1042
30.7473 1043
30.7732 1044
30.7991 1045
30.8249 1046
30.8508 1047
30.8766 1048
30.9025 1049
30.9284 1050
30.9542 1051
30.9801 1052
31.0059 1053
31.0318 1054
31.0577 1055
31.0835 1056
31.1094 1057
31.1352 1058
31.1611 1059
31.187 1060
31.2128 1060
31.2387 1061
31.2645 1061
31.2904 1062
31.3163 1062
31.3421 1063
31.368 1064
31.3938 1065
31.4197 1066
31.4456 1067
31.4714 1068
31.4973 1069
31.5231 1070
31.549 1071
31.5749 1072
31.6007 1073
31.6266 1074
31.6524 1075
31.6783 1076
31.7042 1077
31.73 1078
31.7559 1079
31.7817 1080
31.8076 1081
31.8335 1082
31.8593 1083
31.8852 1084
31.911 1085
31.9369 1086
31.9628 1087
31.9886 1088
32.0145 1089
32.0403 1090
32.0662 1091
32.0921 1092
32.1179 1093
32.1438 1094
32.1696 1095
32.1955 1096
32.2214 1097
32.2472 1098
32.2731 1099
32.2989 1100
32.3248 1101
32.3507 1102
32.3765 1103
32.4024 1104
32.4282 1105
32.4541 1106
32.48 1107
32.5058 1108
32.5317 1109
32.5575 1110
32.5834 1111
32.6093 1112
32.6351 1113
32.661 1114
32.6868 1115
32.7127 1116
32.7386 1117
32.7644 1118
32.7903 1119
32.8161 1120
32.842 1121
32.8679 1122
32.8937 1123
32.9196 1124
32.9454 1125
32.9713 1126
32.9972 1127
33.023 1128
33.0489 1129
33.0747 1130
33.1006 1131
33.1265 1132
33.1523 1133
33.1782 1134
33.204 1135
33.2299 1136
33.2558 1137
33.2816 1138
33.3075 1139
33.3333 1140
33.3592 1141
33.3851 1142
33.4109 1143
33.4368 1144
33.4626 1145
33.4885 1146
33.5144 1147
33.5402 1148
33.5661 1149
33.5919 1150
33.6178 1151
33.6437 1152
33.6695 1153
33.6954 1154
33.7212 1155
33.7471 1156
33.773 1157
33.7988 1158
33.8247 1159
33.8505 1160
33.8764 1161
33.9022 1162
33.9281 1163
33.954 1164
33.9798 1165
34.0057 1166
34.0315 1167
34.0574 1168
34.0833 1169
34.1091 1170
34.135 1171
34.1608 1172
34.1867 1173
34.2126 1174
34.2384 1175
34.2643 1176
34.2901 1177
34.316 1178
34.3419 1179
34.3677 1180
34.3936 1181
34.4194 1182
34.4453 1183
34.4712 1184
34.497 1185
34.5229 1186
34.5487 1187
34.5746 1188
34.6005 1189
34.6263 1190
34.6522 1191
34.678 1192
34.7039 1193
34.7298 1194
34.7556 1195
34.7815 1196
34.8073 1197
34.8332 1198
34.8591 1199
34.8849 1200
34.9108 1201
34.9366 1202
34.9625 1203
34.9884 1204
35.0142 1205
35.0401 1206
35.0659 1207
35.0918 1208
35.1177 1209
35.1435 1210
35.1694 1211
35.1952 1212
35.2211 1213
35.247 1214
35.2728 1215
35.2987 1216
35.3245 1217
35.3504 1218
35.3763 1219
35.4021 1220
35.428 1221
35.4538 1222
35.4797 1223
35.5056 1224
35.5314 1225
35.5573 1226
35.5831 1227
35.609 1228
35.6349 1229
35.6607 1230
35.6866 1231
35.7124 1232
35.7383 1233
35.7642 1234
35.79 1235
35.8159 1236
35.8417 1237
35.8676 1238
35.8935 1239
35.9193 1240
35.9452 1241
35.971 1242
35.9969 1243
36.0228 1244
36.0486 1245
36.0745 1246
36.1003 1247
36.1262 1248
36.1521 1249
36.1779 1250
36.2038 1251
36.2296 1252
36.2555 1253
36.2814 1254
36.3072 1255
36.3331 1256
36.3589 1257
36.3848 1258
36.4107 1259
36.4365 1260
36.4624 1261
36.4882 1262
36.5141 1263
36.54 1264
36.5658 1265
36.5917 1266
36.6175 1267
36.6434 1268
36.6693 1269
36.6951 1270
36.721 1271
36.7468 1272
36.7727 1273
36.7986 1274
36.8244 1275
36.8503 1276
36.8761 1277
36.902 1278
36.9279 1279
36.9537 1280
36.9796 1281
37.0054 1282
37.0313 1283
37.0572 1284
37.083 1285
37.1089 1286
37.1347 1287
37.1606 1288
37.1864 1289
37.2123 1290
37.2382 1291
37.264 1292
37.2899 1293
37.3157 1294
37.3416 1295
37.3675 1296
37.3933 1297
37.4192 1298
37.445 1299
37.4709 1300
37.4968 1301
37.5226 1302
37.5485 1303
37.5743 1304
37.6002 1305
37.6261 1306
37.6519 1307
37.6778 1308
37.7036 1308
37.7295 1309
37.7554 1309
37.7812 1310
37.8071 1311
37.8329 1311
37.8588 1312
37.8847 1312
37.9105 1313
37.9364 1313
37.9622 1314
37.9881 1314
38.014 1315
38.0398 1315
38.0657 1316
38.0915 1316
38.1174 1317
38.1433 1318
38.1691 1319
38.195 1320
38.2208 1321
38.2467 1322
38.2726 1323
38.2984 1324
38.3243 1325
38.3501 1326
38.376 1327
38.4019 1328
38.4277 1329
38.4536 1330
38.4794 1331
38.5053 1332
38.5312 1333
38.557 1334
38.5829 1335
38.6087 1336
38.6346 1337
38.6605 1338
38.6863 1339
38.7122 1340
38.738 1341
38.7639 1342
38.7898 1343
38.8156 1344
38.8415 1345
38.8673 1346
38.8932 1347
38.9191 1348
38.9449 1348
38.9708 1349
38.9966 1349
39.0225 1350
39.0484 1350
39.0742 1351
39.1001 1351
39.1259 1352
39.1518 1353
39.1777 1354
39.2035 1355
39.2294 1356
39.2552 1357
39.2811 1358
39.307 1359
39.3328 1360
39.3587 1361
39.3845 1362
39.4104 1363
39.4363 1364
39.4621 1365
39.488 1366
39.5138 1367
39.5397 1368
39.5656 1369
39.5914 1370
39.6173 1371
39.6431 1372
39.669 1373
39.6949 1374
39.7207 1375
39.7466 1376
39.7724 1377
39.7983 1378
39.8242 1379
39.85 1380
39.8759 1381
39.9017 1382
39.9276 1383
39.9535 1384
39.9793 1385
40.0052 1386
40.031 1387
40.0569 1388
40.0828 1389
40.1086 1390
40.1345 1391
40.1603 1392
40.1862 1393
40.2121 1394
40.2379 1395
40.2638 1396
40.2896 1397
40.3155 1398
40.3413 1399
40.3672 1400
40.3931 1401
40.4189 1402
40.4448 1403
40.4706 1404
40.4965 1405
40.5224 1406
40.5482 1407
40.5741 1408
40.5999 1409
40.6258 1410
40.6517 1411
40.6775 1412
40.7034 1413
40.7292 1414
40.7551 1415
40.781 1416
40.8068 1417
40.8327 1418
40.8585 1419
40.8844 1420
40.9103 1421
40.9361 1422
40.962 1423
40.9878 1424
41.0137 1425
41.0396 1426
41.0654 1427
41.0913 1428
41.1171 1429
41.143 1430
41.1689 1431
41.1947 1432
41.2206 1433
41.2464 1434
41.2723 1435
41.2982 1436
41.324 1437
41.3499 1438
41.3757 1439
41.4016 1440
41.4275 1441
41.4533 1442
41.4792 1443
41.505 1444
41.5309 1445
41.5568 1446
41.5826 1447
41.6085 1448
41.6343 1449
41.6602 1450
41.6861 1451
41.7119 1452
41.7378 1453
41.7636 1454
41.7895 1455
41.8154 1456
41.8412 1457
41.8671 1458
41.8929 1459
41.9188 1460
41.9447 1461
41.9705 1462
41.9964 1463
42.0222 1464
42.0481 1465
42.074 1466
42.0998 1467
42.1257 1468
42.1515 1469
42.1774 1470
42.2033 1471
42.2291 1472
42.255 1473
42.2808 1474
42.3067 1475
42.3326 1476
42.3584 1477
42.3843 1478
42.4101 1479
42.436 1480
42.4619 1481
42.4877 1482
42.5136 1483
42.5394 1484
42.5653 1485
42.5912 1486
42.617 1487
42.6429 1488
42.6687 1489
42.6946 1490
42.7205 1491
42.7463 1492
42.7722 1493
42.798 1494
42.8239 1495
42.8498 1496
42.8756 1497
42.9015 1498
42.9273 1499
42.9532 1500
42.9791 1501
43.0049 1502
43.0308 1503
43.0566 1504
43.0825 1505
43.1084 1506
43.1342 1507
43.1601 1508
43.1859 1509
43.2118 1510
43.2377 1511
43.2635 1512
43.2894 1513
43.3152 1514
43.3411 1515
43.367 1516
43.3928 1517
43.4187 1518
43.4445 1519
43.4704 1520
43.4963 1521
43.5221 1522
43.548 1523
43.5738 1524
43.5997 1525
43.6255 1526
43.6514 1527
43.6773 1528
43.7031 1529
43.729 1530
43.7548 1531
43.7807 1532
43.8066 1533
43.8324 1534
43.8583 1535
43.8841 1536
43.91 1537
43.9359 1538
43.9617 1539
43.9876 1540
44.0134 1541
44.0393 1542
44.0652 1543
44.091 1544
44.1169 1545
44.1427 1546
44.1686 1547
44.1945 1548
44.2203 1549
44.2462 1550
44.272 1551
44.2979 1552
44.3238 1553
44.3496 1554
44.3755 1555
44.4013 1556
44.4272 1557
44.4531 1558
44.4789 1559
44.5048 1560
44.5306 1561
44.5565 1562
44.5824 1563
44.6082 1564
44.6341 1565
44.6599 1566
44.6858 1567
44.7117 1568
44.7375 1569
44.7634 1570
44.7892 1571
44.8151 1572
44.841 1573
44.8668 1574
44.8927 1575
44.9185 1576
44.9444 1577
44.9703 1578
44.9961 1579
45.022 1580
45.0478 1581
45.0737 1582
45.0996 1583
45.1254 1584
45.1513 1585
45.1771 1586
45.203 1587
45.2289 1588
45.2547 1589
45.2806 1590
45.3064 1591
45.3323 1592
45.3582 1593
45.384 1594
45.4099 1595
45.4357 1596
45.4616 1597
45.4875 1598
45.5133 1599
45.5392 1600
45.565 1601
45.5909 1602
45.6168 1603
45.6426 1604
45.6685 1605
45.6943 1606
45.7202 1607
45.7461 1608
45.7719 1609
45.7978 1610
45.8236 1611
45.8495 1612
45.8754 1613
45.9012 1614
45.9271 1615
45.9529 1616
45.9788 1617
46.0047 1618
46.0305 1619
46.0564 1620
46.0822 1621
46.1081 1622
46.134 1623
46.1598 1624
46.1857 1625
46.2115 1626
46.2374 1627
46.2633 1628
46.2891 1629
46.315 1630
46.3408 1631
46.3667 1632
46.3926 1633
46.4184 1634
46.4443 1635
46.4701 1636
46.496 1637
46.5219 1638
46.5477 1639
46.5736 1640
46.5994 1641
46.6253 1642
46.6512 1643
46.677 1644
46.7029 1645
46.7287 1646
46.7546 1647
46.7804 1648
46.8063 1649
46.8322 1650
46.858 1651
46.8839 1652
46.9097 1653
46.9356 1654
46.9615 1655
46.9873 1656
47.0132 1657
47.039 1658
47.0649 1659
47.0908 1660
47.1166 1661
47.1425 1661
47.1683 1662
47.1942 1663
47.2201 1664
47.2459 1665
47.2718 1665
47.2976 1666
47.3235 1667
47.3494 1668
47.3752 1669
47.4011 1669
47.4269 1670
47.4528 1670
47.4787 1671
47.5045 1672
47.5304 1673
47.5562 1674
47.5821 1674
47.608 1675
47.6338 1676
47.6597 1677
47.6855 1678
47.7114 1679
47.7373 1679
47.7631 1680
47.789 1681
47.8148 1682
47.8407 1683
47.8666 1684
47.8924 1684
47.9183 1685
47.9441 1686
47.97 1687
47.9959 1688
48.0217 1689
48.0476 1689
48.0734 1690
48.0993 1691
48.1252 1692
48.151 1693
48.1769 1694
48.2027 1695
48.2286 1696
48.2545 1697
48.2803 1698
48.3062 1699
48.332 1699
48.3579 1700
48.3838 1700
48.4096 1701
48.4355 1701
48.4613 1702
48.4872 1702
48.5131 1703
48.5389 1703
48.5648 1704
48.5906 1704
48.6165 1705
48.6424 1705
48.6682 1706
48.6941 1706
48.7199 1707
48.7458 1708
48.7717 1709
48.7975 1710
48.8234 1710
48.8492 1711
48.8751 1711
48.901 1712
48.9268 1713
48.9527 1714
48.9785 1715
49.0044 1715
49.0303 1716
49.0561 1716
49.082 1717
49.1078 1718
49.1337 1719
49.1596 1720
49.1854 1721
49.2113 1721
49.2371 1722
49.263 1722
49.2889 1723
49.3147 1724
49.3406 1725
49.3664 1726
49.3923 1727
49.4182 1728
49.444 1729
49.4699 1730
49.4957 1730
49.5216 1731
49.5475 1732
49.5733 1733
49.5992 1734
49.625 1734
49.6509 1735
49.6768 1735
49.7026 1736
49.7285 1737
49.7543 1738
49.7802 1739
49.8061 1739
49.8319 1740
49.8578 1740
49.8836 1741
49.9095 1742
49.9354 1743
49.9612 1744
49.9871 1745
50.0129 1745
50.0388 1746
50.0646 1746
50.0905 1747
50.1164 1748
50.1422 1749
50.1681 1750
50.1939 1750
50.2198 1751
50.2457 1751
50.2715 1752
50.2974 1753
50.3232 1754
50.3491 1755
50.375 1756
50.4008 1756
50.4267 1757
50.4525 1757
50.4784 1758
50.5043 1758
50.5301 1759
50.556 1759
50.5818 1760
50.6077 1761
50.6336 1762
50.6594 1763
50.6853 1764
50.7111 1765
50.737 1766
50.7629 1767
50.7887 1768
50.8146 1768
50.8404 1769
50.8663 1770
50.8922 1771
50.918 1772
50.9439 1773
50.9697 1773
50.9956 1774
51.0215 1775
51.0473 1776
51.0732 1777
51.099 1778
51.1249 1778
51.1508 1779
51.1766 1779
51.2025 1780
51.2283 1781
51.2542 1782
51.2801 1783
51.3059 1784
51.3318 1784
51.3576 1785
51.3835 1785
51.4094 1786
51.4352 1786
51.4611 1787
51.4869 1787
51.5128 1788
51.5387 1789
51.5645 1790
51.5904 1791
51.6162 1792
51.6421 1792
51.668 1793
51.6938 1793
51.7197 1794
51.7455 1795
51.7714 1796
51.7973 1797
