0.0259538 2
0.0519076 2
0.0778614 3
0.103815 4
0.129769 5
0.155723 6
0.181677 7
0.20763 7
0.233584 8
0.259538 9
0.285492 10
0.311446 11
0.337399 12
0.363353 13
0.389307 14
0.415261 15
0.441215 16
0.467168 17
0.493122 18
0.519076 19
0.54503 20
0.570984 21
0.596937 22
0.622891 23
0.648845 24
0.674799 25
0.700753 26
0.726706 27
0.75266 28
0.778614 29
0.804568 30
0.830522 31
0.856475 32
0.882429 33
0.908383 34
0.934337 35
0.960291 36
0.986244 37
1.0122 38
1.03815 39
1.06411 40
1.09006 41
1.11601 42
1.14197 43
1.16792 44
1.19387 45
1.21983 46
1.24578 47
1.27174 48
1.29769 49
1.32364 50
1.3496 51
1.37555 52
1.40151 53
1.42746 54
1.45341 55
1.47937 56
1.50532 57
1.53127 58
1.55723 59
1.58318 60
1.60914 61
1.63509 62
1.66104 63
1.687 64
1.71295 65
1.7389 66
1.76486 67
1.79081 68
1.81677 69
1.84272 70
1.86867 71
1.89463 72
1.92058 73
1.94654 74
1.97249 75
1.99844 76
2.0244 77
2.05035 78
2.0763 79
2.10226 80
2.12821 81
2.15417 82
2.18012 83
2.20607 84
2.23203 85
2.25798 86
2.28393 87
2.30989 88
2.33584 89
2.3618 90
2.38775 91
2.4137 92
2.43966 93
2.46561 94
2.49157 95
2.51752 96
2.54347 97
2.56943 98
2.59538 99
2.62133 100
2.64729 101
2.67324 102
2.6992 103
2.72515 104
2.7511 105
2.77706 106
2.80301 107
2.82896 108
2.85492 109
2.88087 110
2.90683 111
2.93278 112
2.95873 113
2.98469 113
3.01064 114
3.03659 115
3.06255 116
3.0885 117
3.11446 118
3.14041 119
3.16636 120
3.19232 121
3.21827 122
3.24423 123
3.27018 124
3.29613 125
3.32209 126
3.34804 126
3.37399 127
3.39995 128
3.4259 129
3.45186 130
3.47781 130
3.50376 131
3.52972 132
3.55567 133
3.58162 134
3.60758 135
3.63353 136
3.65949 136
3.68544 137
3.71139 138
3.73735 139
3.7633 140
3.78926 140
3.81521 141
3.84116 142
3.86712 143
3.89307 144
3.91902 145
3.94498 146
3.97093 146
3.99689 147
4.02284 148
4.04879 149
4.07475 150
4.1007 150
4.12665 151
4.15261 152
4.17856 153
4.20452 154
4.23047 155
4.25642 156
4.28238 156
4.30833 157
4.33428 158
4.36024 159
4.38619 160
4.41215 161
4.4381 162
4.46405 163
4.49001 164
4.51596 165
4.54192 166
4.56787 167
4.59382 168
4.61978 169
4.64573 169
4.67168 170
4.69764 171
4.72359 172
4.74955 173
4.7755 174
4.80145 175
4.82741 176
4.85336 177
4.87931 178
4.90527 179
4.93122 179
4.95718 180
4.98313 181
5.00908 182
5.03504 182
5.06099 183
5.08695 183
5.1129 184
5.13885 184
5.16481 185
5.19076 186
5.21671 187
5.24267 188
5.26862 188
5.29458 189
5.32053 190
5.34648 191
5.37244 191
5.39839 192
5.42434 192
5.4503 193
5.47625 193
5.50221 194
5.52816 194
5.55411 195
5.58007 195
5.60602 196
5.63198 197
5.65793 197
5.68388 198
5.70984 198
5.73579 199
5.76174 199
5.7877 200
5.81365 200
5.83961 201
5.86556 201
5.89151 202
5.91747 202
5.94342 203
5.96937 203
5.99533 204
6.02128 204
6.04724 205
6.07319 206
6.09914 206
6.1251 207
6.15105 207
6.177 208
6.20296 208
6.22891 209
6.25487 210
6.28082 211
6.30677 212
6.33273 213
6.35868 214
6.38464 215
6.41059 216
6.43654 217
6.4625 218
6.48845 219
6.5144 220
6.54036 221
6.56631 222
6.59227 223
6.61822 224
6.64417 225
6.67013 226
6.69608 227
6.72203 228
6.74799 229
6.77394 230
6.7999 230
6.82585 231
6.8518 232
6.87776 233
6.90371 234
6.92967 235
6.95562 236
6.98157 237
7.00753 238
7.03348 239
7.05943 240
7.08539 241
7.11134 242
7.1373 243
7.16325 244
7.1892 245
7.21516 246
7.24111 247
7.26706 248
7.29302 249
7.31897 250
7.34493 251
7.37088 252
7.39683 253
7.42279 254
7.44874 255
7.4747 256
7.50065 257
7.5266 258
7.55256 259
7.57851 260
7.60446 261
7.63042 262
7.65637 263
7.68233 264
7.70828 265
7.73423 266
7.76019 267
7.78614 268
7.81209 269
7.83805 270
7.864 271
7.88996 272
7.91591 273
7.94186 274
7.96782 275
7.99377 276
8.01972 277
8.04568 278
8.07163 279
8.09759 280
8.12354 281
8.14949 282
8.17545 283
8.2014 284
8.22736 285
8.25331 286
8.27926 287
8.30522 288
8.33117 289
8.35712 290
8.38308 291
8.40903 292
8.43499 293
8.46094 294
8.48689 295
8.51285 296
8.5388 297
8.56475 297
8.59071 298
8.61666 299
8.64262 299
8.66857 300
8.69452 300
8.72048 301
8.74643 301
8.77239 302
8.79834 302
8.82429 303
8.85025 303
8.8762 304
8.90215 304
8.92811 305
8.95406 305
8.98002 306
9.00597 306
9.03192 307
9.05788 307
9.08383 308
9.10978 308
9.13574 309
9.16169 309
9.18765 310
9.2136 310
9.23955 311
9.26551 312
9.29146 312
9.31742 313
9.34337 313
9.36932 314
9.39528 314
9.42123 315
9.44718 315
9.47314 316
9.49909 316
9.52505 317
9.551 317
9.57695 318
9.60291 318
9.62886 319
9.65481 319
9.68077 320
9.70672 320
9.73268 321
9.75863 321
9.78458 322
9.81054 322
9.83649 323
9.86244 324
9.8884 325
9.91435 326
9.94031 327
9.96626 328
9.99221 329
10.0182 330
10.0441 331
10.0701 332
10.096 333
10.122 334
10.1479 335
10.1739 336
10.1998 337
10.2258 338
10.2518 339
10.2777 340
10.3037 340
10.3296 341
10.3556 341
10.3815 342
10.4075 343
10.4334 344
10.4594 345
10.4853 346
10.5113 347
10.5372 348
10.5632 349
10.5892 350
10.6151 351
10.6411 351
10.667 352
10.693 353
10.7189 354
10.7449 355
10.7708 356
10.7968 357
10.8227 358
10.8487 359
10.8746 359
10.9006 360
10.9266 360
10.9525 361
10.9785 362
11.0044 363
11.0304 364
11.0563 364
11.0823 365
11.1082 366
11.1342 367
11.1601 368
11.1861 369
11.212 370
11.238 371
11.264 372
11.2899 373
11.3159 374
11.3418 375
11.3678 376
11.3937 377
11.4197 378
11.4456 379
11.4716 380
11.4975 381
11.5235 382
11.5494 383
11.5754 384
11.6013 385
11.6273 386
11.6533 387
11.6792 388
11.7052 389
11.7311 390
11.7571 391
11.783 392
11.809 393
11.8349 394
11.8609 395
11.8868 396
11.9128 397
11.9387 398
11.9647 399
11.9907 400
12.0166 401
12.0426 402
12.0685 403
12.0945 404
12.1204 405
12.1464 406
12.1723 407
12.1983 408
12.2242 409
12.2502 410
12.2761 411
12.3021 412
12.3281 413
12.354 414
12.38 415
12.4059 416
12.4319 417
12.4578 418
12.4838 419
12.5097 420
12.5357 421
12.5616 422
12.5876 423
12.6135 424
12.6395 425
12.6655 426
12.6914 427
12.7174 428
12.7433 429
12.7693 430
12.7952 431
12.8212 432
12.8471 433
12.8731 434
12.899 435
12.925 436
12.9509 437
12.9769 438
13.0029 439
13.0288 440
13.0548 441
13.0807 442
13.1067 443
13.1326 444
13.1586 445
13.1845 446
13.2105 447
13.2364 448
13.2624 449
13.2883 450
13.3143 451
13.3403 452
13.3662 453
13.3922 454
13.4181 455
13.4441 456
13.47 457
13.496 458
13.5219 459
13.5479 460
13.5738 461
13.5998 462
13.6257 463
13.6517 464
13.6777 465
13.7036 466
13.7296 467
13.7555 468
13.7815 469
13.8074 470
13.8334 471
13.8593 472
13.8853 473
13.9112 474
13.9372 475
13.9631 476
13.9891 477
14.0151 478
14.041 479
14.067 480
14.0929 481
14.1189 482
14.1448 483
14.1708 483
14.1967 484
14.2227 485
14.2486 486
14.2746 487
14.3005 488
14.3265 489
14.3525 490
14.3784 491
14.4044 492
14.4303 493
14.4563 494
14.4822 495
14.5082 496
14.5341 497
14.5601 498
14.586 499
14.612 500
14.6379 501
14.6639 502
14.6899 503
14.7158 504
14.7418 505
14.7677 506
14.7937 507
14.8196 508
14.8456 509
14.8715 510
14.8975 511
14.9234 512
14.9494 513
14.9753 514
15.0013 515
15.0273 516
15.0532 517
15.0792 518
15.1051 519
15.1311 520
15.157 521
15.183 522
15.2089 522
15.2349 523
15.2608 524
15.2868 525
15.3127 526
15.3387 527
15.3647 528
15.3906 529
15.4166 530
15.4425 531
15.4685 532
15.4944 533
15.5204 534
15.5463 535
15.5723 536
15.5982 536
15.6242 537
15.6501 538
15.6761 539
15.7021 540
15.728 541
15.754 542
15.7799 543
15.8059 544
15.8318 545
15.8578 546
15.8837 546
15.9097 547
15.9356 548
15.9616 549
15.9875 550
16.0135 551
16.0394 552
16.0654 553
16.0914 554
16.1173 555
16.1433 555
16.1692 556
16.1952 557
16.2211 558
16.2471 559
16.273 560
16.299 561
16.3249 562
16.3509 563
16.3768 564
16.4028 565
16.4288 566
16.4547 567
16.4807 568
16.5066 569
16.5326 570
16.5585 571
16.5845 572
16.6104 573
16.6364 574
16.6623 575
16.6883 576
16.7142 577
16.7402 578
16.7662 579
16.7921 580
16.8181 581
16.844 582
16.87 583
16.8959 584
16.9219 585
16.9478 586
16.9738 587
16.9997 588
17.0257 589
17.0516 590
17.0776 591
17.1036 592
17.1295 593
17.1555 594
17.1814 595
17.2074 596
17.2333 597
17.2593 598
17.2852 599
17.3112 600
17.3371 601
17.3631 602
17.389 603
17.415 604
17.441 605
17.4669 606
17.4929 607
17.5188 608
17.5448 609
17.5707 610
17.5967 610
17.6226 611
17.6486 611
17.6745 612
17.7005 613
17.7264 614
17.7524 615
17.7784 616
17.8043 617
17.8303 618
17.8562 619
17.8822 620
17.9081 621
17.9341 622
17.96 622
17.986 623
18.0119 624
18.0379 625
18.0638 626
18.0898 626
18.1158 627
18.1417 628
18.1677 629
18.1936 630
18.2196 630
18.2455 631
18.2715 632
18.2974 633
18.3234 633
18.3493 634
18.3753 634
18.4012 635
18.4272 636
18.4532 637
18.4791 638
18.5051 639
18.531 640
18.557 641
18.5829 641
18.6089 642
18.6348 643
18.6608 644
18.6867 645
18.7127 646
18.7386 647
18.7646 648
18.7906 649
18.8165 650
18.8425 651
18.8684 652
18.8944 653
18.9203 654
18.9463 655
18.9722 656
18.9982 657
19.0241 658
19.0501 659
19.076 660
19.102 660
19.128 661
19.1539 662
19.1799 663
19.2058 663
19.2318 664
19.2577 664
19.2837 665
19.3096 666
19.3356 667
19.3615 667
19.3875 668
19.4134 668
19.4394 669
19.4654 669
19.4913 670
19.5173 671
19.5432 671
19.5692 672
19.5951 672
19.6211 673
19.647 673
19.673 674
19.6989 675
19.7249 675
19.7508 676
19.7768 676
19.8028 677
19.8287 677
19.8547 678
19.8806 679
19.9066 679
19.9325 680
19.9585 680
19.9844 681
20.0104 681
20.0363 682
20.0623 683
20.0882 683
20.1142 684
20.1402 684
20.1661 685
20.1921 685
20.218 686
20.244 686
20.2699 687
20.2959 688
20.3218 688
20.3478 689
20.3737 689
20.3997 690
20.4256 690
20.4516 691
20.4775 692
20.5035 692
20.5295 693
20.5554 693
20.5814 694
20.6073 694
20.6333 695
20.6592 696
20.6852 696
20.7111 697
20.7371 698
20.763 698
20.789 699
20.8149 699
20.8409 700
20.8669 700
20.8928 700
20.9188 701
20.9447 702
20.9707 703
20.9966 703
21.0226 704
21.0485 704
21.0745 705
21.1004 705
21.1264 706
21.1523 707
21.1783 707
21.2043 708
21.2302 708
21.2562 709
21.2821 710
21.3081 711
21.334 711
21.36 712
21.3859 712
21.4119 713
21.4378 714
21.4638 715
21.4897 716
21.5157 716
21.5417 717
21.5676 717
21.5936 718
21.6195 719
21.6455 720
21.6714 721
21.6974 721
21.7233 722
21.7493 723
21.7752 723
21.8012 724
21.8271 724
21.8531 725
21.8791 725
21.905 726
21.931 726
21.9569 727
21.9829 727
22.0088 728
22.0348 729
22.0607 729
22.0867 730
22.1126 730
22.1386 731
22.1645 732
22.1905 733
22.2165 734
22.2424 734
22.2684 735
22.2943 735
22.3203 736
22.3462 737
22.3722 738
22.3981 739
22.4241 739
22.45 740
22.476 740
22.5019 741
22.5279 742
22.5539 742
22.5798 743
22.6058 743
22.6317 744
22.6577 745
22.6836 746
22.7096 747
22.7355 748
22.7615 749
22.7874 750
22.8134 751
22.8393 752
22.8653 753
22.8913 754
22.9172 755
22.9432 756
22.9691 757
22.9951 758
23.021 759
23.047 760
23.0729 761
23.0989 762
23.1248 763
23.1508 764
23.1767 765
23.2027 766
23.2287 767
23.2546 768
23.2806 769
23.3065 769
23.3325 770
23.3584 771
23.3844 772
23.4103 773
23.4363 774
23.4622 775
23.4882 776
23.5141 777
23.5401 778
23.5661 779
23.592 780
23.618 781
23.6439 782
23.6699 783
23.6958 784
23.7218 785
23.7477 786
23.7737 787
23.7996 788
23.8256 789
23.8515 790
23.8775 791
23.9035 792
23.9294 793
23.9554 794
23.9813 795
24.0073 796
24.0332 797
24.0592 798
24.0851 799
24.1111 800
24.137 801
24.163 802
24.1889 803
24.2149 804
24.2409 805
24.2668 806
24.2928 807
24.3187 808
24.3447 809
24.3706 810
24.3966 811
24.4225 812
24.4485 813
24.4744 814
24.5004 815
24.5263 816
24.5523 816
24.5783 817
24.6042 818
24.6302 819
24.6561 820
24.6821 821
24.708 822
24.734 823
24.7599 824
24.7859 825
24.8118 826
24.8378 827
24.8637 828
24.8897 829
24.9157 830
24.9416 831
24.9676 832
24.9935 833
25.0195 834
25.0454 835
25.0714 836
25.0973 837
25.1233 838
25.1492 839
25.1752 840
25.2011 841
25.2271 842
25.253 843
25.279 844
25.305 845
25.3309 846
25.3569 847
25.3828 848
25.4088 849
25.4347 850
25.4607 851
25.4866 852
25.5126 853
25.5385 854
25.5645 855
25.5904 856
25.6164 857
25.6424 858
25.6683 859
25.6943 860
25.7202 861
25.7462 862
25.7721 863
25.7981 864
25.824 865
25.85 866
25.8759 867
25.9019 868
25.9278 869
25.9538 870
25.9798 871
26.0057 872
26.0317 873
26.0576 873
26.0836 874
26.1095 874
26.1355 875
26.1614 876
26.1874 877
26.2133 878
26.2393 879
26.2652 880
26.2912 881
26.3172 882
26.3431 883
26.3691 884
26.395 885
26.421 886
26.4469 887
26.4729 888
26.4988 889
26.5248 890
26.5507 891
26.5767 892
26.6026 893
26.6286 894
26.6546 895
26.6805 896
26.7065 897
26.7324 898
26.7584 899
26.7843 900
26.8103 901
26.8362 902
26.8622 903
26.8881 904
26.9141 905
26.94 906
26.966 907
26.992 908
27.0179 909
27.0439 910
27.0698 911
27.0958 912
27.1217 913
27.1477 914
27.1736 915
27.1996 916
27.2255 917
27.2515 918
27.2774 919
27.3034 920
27.3294 921
27.3553 922
27.3813 923
27.4072 924
27.4332 925
27.4591 926
27.4851 927
27.511 928
27.537 929
27.5629 930
27.5889 931
27.6148 932
27.6408 933
27.6668 934
27.6927 935
27.7187 936
27.7446 937
27.7706 938
27.7965 939
27.8225 940
27.8484 941
27.8744 942
27.9003 943
27.9263 944
27.9522 945
27.9782 946
28.0042 947
28.0301 948
28.0561 949
28.082 950
28.108 951
28.1339 952
28.1599 953
28.1858 954
28.2118 955
28.2377 956
28.2637 957
28.2896 958
28.3156 959
28.3416 960
28.3675 961
28.3935 962
28.4194 963
28.4454 964
28.4713 965
28.4973 966
28.5232 967
28.5492 968
28.5751 969
28.6011 970
28.627 971
28.653 972
28.679 973
28.7049 974
28.7309 975
28.7568 976
28.7828 977
28.8087 978
28.8347 979
28.8606 980
28.8866 981
28.9125 982
28.9385 983
28.9644 984
28.9904 985
29.0164 986
29.0423 987
29.0683 988
29.0942 989
29.1202 990
29.1461 991
29.1721 992
29.198 993
29.224 994
29.2499 995
29.2759 996
29.3018 997
29.3278 998
29.3538 999
29.3797 1000
29.4057 1001
29.4316 1002
29.4576 1003
29.4835 1004
29.5095 1005
29.5354 1006
29.5614 1007
29.5873 1008
29.6133 1009
29.6392 1010
29.6652 1011
29.6911 1012
29.7171 1013
29.7431 1014
29.769 1015
29.795 1016
29.8209 1017
29.8469 1018
29.8728 1019
29.8988 1020
29.9247 1021
29.9507 1022
29.9766 1023
30.0026 1024
30.0285 1025
30.0545 1026
30.0805 1027
30.1064 1028
30.1324 1029
30.1583 1030
30.1843 1031
30.2102 1032
30.2362 1033
30.2621 1034
30.2881 1035
30.314 1036
30.34 1037
30.3659 1038
30.3919 1039
30.4179 1040
30.4438 1041
30.4698 1042
30.4957 1043
30.5217 1044
30.5476 1045
30.5736 1046
30.5995 1047
30.6255 1048
30.6514 1049
30.6774 1050
30.7033 1051
30.7293 1052
30.7553 1053
30.7812 1054
30.8072 1055
30.8331 1056
30.8591 1057
30.885 1058
30.911 1059
30.9369 1060
30.9629 1060
30.9888 1061
31.0148 1061
31.0407 1062
31.0667 1062
31.0927 1063
31.1186 1064
31.1446 1065
31.1705 1066
31.1965 1067
31.2224 1068
31.2484 1069
31.2743 1070
31.3003 1071
31.3262 1072
31.3522 1073
31.3781 1074
31.4041 1075
31.4301 1076
31.456 1077
31.482 1078
31.5079 1079
31.5339 1080
31.5598 1081
31.5858 1082
31.6117 1083
31.6377 1084
31.6636 1085
31.6896 1086
31.7155 1087
31.7415 1088
31.7675 1089
31.7934 1090
31.8194 1091
31.8453 1092
31.8713 1093
31.8972 1094
31.9232 1095
31.9491 1096
31.9751 1097
32.001 1098
32.027 1099
32.0529 1100
32.0789 1101
32.1049 1102
32.1308 1103
32.1568 1104
32.1827 1105
32.2087 1106
32.2346 1107
32.2606 1108
32.2865 1109
32.3125 1110
32.3384 1111
32.3644 1112
32.3903 1113
32.4163 1114
32.4423 1115
32.4682 1116
32.4942 1117
32.5201 1118
32.5461 1119
32.572 1120
32.598 1121
32.6239 1122
32.6499 1123
32.6758 1124
32.7018 1125
32.7277 1126
32.7537 1127
32.7797 1128
32.8056 1129
32.8316 1130
32.8575 1131
32.8835 1132
32.9094 1133
32.9354 1134
32.9613 1135
32.9873 1136
33.0132 1137
33.0392 1138
33.0651 1139
33.0911 1140
33.1171 1141
33.143 1142
33.169 1143
33.1949 1144
33.2209 1145
33.2468 1146
33.2728 1147
33.2987 1148
33.3247 1149
33.3506 1150
33.3766 1151
33.4025 1152
33.4285 1153
33.4545 1154
33.4804 1155
33.5064 1156
33.5323 1157
33.5583 1158
33.5842 1159
33.6102 1160
33.6361 1161
33.6621 1162
33.688 1163
33.714 1164
33.7399 1165
33.7659 1166
33.7919 1167
33.8178 1168
33.8438 1169
33.8697 1170
33.8957 1171
33.9216 1172
33.9476 1173
33.9735 1174
33.9995 1175
34.0254 1176
34.0514 1177
34.0773 1178
34.1033 1179
34.1292 1180
34.1552 1181
34.1812 1182
34.2071 1183
34.2331 1184
34.259 1185
34.285 1186
34.3109 1187
34.3369 1188
34.3628 1189
34.3888 1190
34.4147 1191
34.4407 1192
34.4666 1193
34.4926 1194
34.5186 1195
34.5445 1196
34.5705 1197
34.5964 1198
34.6224 1199
34.6483 1200
34.6743 1201
34.7002 1202
34.7262 1203
34.7521 1204
34.7781 1205
34.804 1206
34.83 1207
34.856 1208
34.8819 1209
34.9079 1210
34.9338 1211
34.9598 1212
34.9857 1213
35.0117 1214
35.0376 1215
35.0636 1216
35.0895 1217
35.1155 1218
35.1414 1219
35.1674 1220
35.1934 1221
35.2193 1222
35.2453 1223
35.2712 1224
35.2972 1225
35.3231 1226
35.3491 1227
35.375 1228
35.401 1229
35.4269 1230
35.4529 1231
35.4788 1232
35.5048 1233
35.5308 1234
35.5567 1235
35.5827 1236
35.6086 1237
35.6346 1238
35.6605 1239
35.6865 1240
35.7124 1241
35.7384 1242
35.7643 1243
35.7903 1244
35.8162 1245
35.8422 1246
35.8682 1247
35.8941 1248
35.9201 1249
35.946 1250
35.972 1251
35.9979 1252
36.0239 1253
36.0498 1254
36.0758 1255
36.1017 1256
36.1277 1257
36.1536 1258
36.1796 1259
36.2056 1260
36.2315 1261
36.2575 1262
36.2834 1263
36.3094 1264
36.3353 1265
36.3613 1266
36.3872 1267
36.4132 1268
36.4391 1269
36.4651 1270
36.491 1271
36.517 1272
36.543 1273
36.5689 1274
36.5949 1275
36.6208 1276
36.6468 1277
36.6727 1278
36.6987 1279
36.7246 1280
36.7506 1281
36.7765 1282
36.8025 1283
36.8284 1284
36.8544 1285
36.8804 1286
36.9063 1287
36.9323 1288
36.9582 1289
36.9842 1290
37.0101 1291
37.0361 1292
37.062 1293
37.088 1294
37.1139 1295
37.1399 1296
37.1658 1297
37.1918 1298
37.2178 1299
37.2437 1300
37.2697 1301
37.2956 1302
37.3216 1303
37.3475 1304
37.3735 1305
37.3994 1306
37.4254 1307
37.4513 1308
37.4773 1308
37.5032 1309
37.5292 1309
37.5552 1310
37.5811 1311
37.6071 1311
37.633 1312
37.659 1312
37.6849 1313
37.7109 1313
37.7368 1314
37.7628 1314
37.7887 1315
37.8147 1315
37.8406 1316
37.8666 1316
37.8926 1317
37.9185 1318
37.9445 1319
37.9704 1320
37.9964 1321
38.0223 1322
38.0483 1323
38.0742 1324
38.1002 1325
38.1261 1326
38.1521 1327
38.178 1328
38.204 1329
38.23 1330
38.2559 1331
38.2819 1332
38.3078 1333
38.3338 1334
38.3597 1335
38.3857 1336
38.4116 1337
38.4376 1338
38.4635 1339
38.4895 1340
38.5154 1341
38.5414 1342
38.5674 1343
38.5933 1344
38.6193 1345
38.6452 1346
38.6712 1347
38.6971 1348
38.7231 1348
38.749 1349
38.775 1349
38.8009 1350
38.8269 1350
38.8528 1351
38.8788 1351
38.9047 1352
38.9307 1353
38.9567 1354
38.9826 1355
39.0086 1356
39.0345 1357
39.0605 1358
39.0864 1359
39.1124 1360
39.1383 1361
39.1643 1362
39.1902 1363
39.2162 1364
39.2421 1365
39.2681 1366
39.2941 1367
39.32 1368
39.346 1369
39.3719 1370
39.3979 1371
39.4238 1372
39.4498 1373
39.4757 1374
39.5017 1375
39.5276 1376
39.5536 1377
39.5795 1378
39.6055 1379
39.6315 1380
39.6574 1381
39.6834 1382
39.7093 1383
39.7353 1384
39.7612 1385
39.7872 1386
39.8131 1387
39.8391 1388
39.865 1389
39.891 1390
39.9169 1391
39.9429 1392
39.9689 1393
39.9948 1394
40.0208 1395
40.0467 1396
40.0727 1397
40.0986 1398
40.1246 1399
40.1505 1400
40.1765 1401
40.2024 1402
40.2284 1403
40.2543 1404
40.2803 1405
40.3063 1406
40.3322 1407
40.3582 1408
40.3841 1409
40.4101 1410
40.436 1411
40.462 1412
40.4879 1413
40.5139 1414
40.5398 1415
40.5658 1416
40.5917 1417
40.6177 1418
40.6437 1419
40.6696 1420
40.6956 1421
40.7215 1422
40.7475 1423
40.7734 1424
40.7994 1425
40.8253 1426
40.8513 1427
40.8772 1428
40.9032 1429
40.9291 1430
40.9551 1431
40.9811 1432
41.007 1433
41.033 1434
41.0589 1435
41.0849 1436
41.1108 1437
41.1368 1438
41.1627 1439
41.1887 1440
41.2146 1441
41.2406 1442
41.2665 1443
41.2925 1444
41.3185 1445
41.3444 1446
41.3704 1447
41.3963 1448
41.4223 1449
41.4482 1450
41.4742 1451
41.5001 1452
41.5261 1453
41.552 1454
41.578 1455
41.6039 1456
41.6299 1457
41.6559 1458
41.6818 1459
41.7078 1460
41.7337 1461
41.7597 1462
41.7856 1463
41.8116 1464
41.8375 1465
41.8635 1466
41.8894 1467
41.9154 1468
41.9413 1469
41.9673 1470
41.9933 1471
42.0192 1472
42.0452 1473
42.0711 1474
42.0971 1475
42.123 1476
42.149 1477
42.1749 1478
42.2009 1479
42.2268 1480
42.2528 1481
42.2787 1482
42.3047 1483
42.3307 1484
42.3566 1485
42.3826 1486
42.4085 1487
42.4345 1488
42.4604 1489
42.4864 1490
42.5123 1491
42.5383 1492
42.5642 1493
42.5902 1494
42.6161 1495
42.6421 1496
42.6681 1497
42.694 1498
42.72 1499
42.7459 1500
42.7719 1501
42.7978 1502
42.8238 1503
42.8497 1504
42.8757 1505
42.9016 1506
42.9276 1507
42.9535 1508
42.9795 1509
43.0055 1510
43.0314 1511
43.0574 1512
43.0833 1513
43.1093 1514
43.1352 1515
43.1612 1516
43.1871 1517
43.2131 1518
43.239 1519
43.265 1520
43.2909 1521
43.3169 1522
43.3428 1523
43.3688 1524
43.3948 1525
43.4207 1526
43.4467 1527
43.4726 1528
43.4986 1529
43.5245 1530
43.5505 1531
43.5764 1532
43.6024 1533
43.6283 1534
43.6543 1535
43.6802 1536
43.7062 1537
43.7322 1538
43.7581 1539
43.7841 1540
43.81 1541
43.836 1542
43.8619 1543
43.8879 1544
43.9138 1545
43.9398 1546
43.9657 1547
43.9917 1548
44.0176 1549
44.0436 1550
44.0696 1551
44.0955 1552
44.1215 1553
44.1474 1554
44.1734 1555
44.1993 1556
44.2253 1557
44.2512 1558
44.2772 1559
44.3031 1560
44.3291 1561
44.355 1562
44.381 1563
44.407 1564
44.4329 1565
44.4589 1566
44.4848 1567
44.5108 1568
44.5367 1569
44.5627 1570
44.5886 1571
44.6146 1572
44.6405 1573
44.6665 1574
44.6924 1575
44.7184 1576
44.7444 1577
44.7703 1578
44.7963 1579
44.8222 1580
44.8482 1581
44.8741 1582
44.9001 1583
44.926 1584
44.952 1585
44.9779 1586
45.0039 1587
45.0298 1588
45.0558 1589
45.0818 1590
45.1077 1591
45.1337 1592
45.1596 1593
45.1856 1594
45.2115 1595
45.2375 1596
45.2634 1597
45.2894 1598
45.3153 1599
45.3413 1600
45.3672 1601
45.3932 1602
45.4192 1603
45.4451 1604
45.4711 1605
45.497 1606
45.523 1607
45.5489 1608
45.5749 1609
45.6008 1610
45.6268 1611
45.6527 1612
45.6787 1613
45.7046 1614
45.7306 1615
45.7566 1616
45.7825 1617
45.8085 1618
45.8344 1619
45.8604 1620
45.8863 1621
45.9123 1622
45.9382 1623
45.9642 1624
45.9901 1625
46.0161 1626
46.042 1627
46.068 1628
46.094 1629
46.1199 1630
46.1459 1631
46.1718 1632
46.1978 1633
46.2237 1634
46.2497 1635
46.2756 1636
46.3016 1637
46.3275 1638
46.3535 1639
46.3794 1640
46.4054 1641
46.4314 1642
46.4573 1643
46.4833 1644
46.5092 1645
46.5352 1646
46.5611 1647
46.5871 1648
46.613 1649
46.639 1650
46.6649 1651
46.6909 1652
46.7168 1653
46.7428 1654
46.7688 1655
46.7947 1656
46.8207 1657
46.8466 1658
46.8726 1659
46.8985 1660
46.9245 1661
46.9504 1661
46.9764 1662
47.0023 1663
47.0283 1664
47.0542 1665
47.0802 1665
47.1062 1666
47.1321 1667
47.1581 1668
47.184 1669
47.21 1669
47.2359 1670
47.2619 1670
47.2878 1671
47.3138 1672
47.3397 1673
47.3657 1674
47.3916 1674
47.4176 1675
47.4436 1676
47.4695 1677
47.4955 1678
47.5214 1679
47.5474 1679
47.5733 1680
47.5993 1681
47.6252 1682
47.6512 1683
47.6771 1684
47.7031 1684
47.729 1685
47.755 1686
47.7809 1687
47.8069 1688
47.8329 1689
47.8588 1689
47.8848 1690
47.9107 1691
47.9367 1692
47.9626 1693
47.9886 1694
48.0145 1695
48.0405 1696
48.0664 1697
48.0924 1698
48.1183 1699
48.1443 1699
48.1703 1700
48.1962 1700
48.2222 1701
48.2481 1701
48.2741 1702
48.3 1702
48.326 1703
48.3519 1703
48.3779 1704
48.4038 1704
48.4298 1705
48.4557 1705
48.4817 1706
48.5077 1706
48.5336 1707
48.5596 1708
48.5855 1709
48.6115 1710
48.6374 1710
48.6634 1711
48.6893 1711
48.7153 1712
48.7412 1713
48.7672 1714
48.7931 1715
48.8191 1715
48.8451 1716
48.871 1716
48.897 1717
48.9229 1718
48.9489 1719
48.9748 1720
49.0008 1721
49.0267 1721
49.0527 1722
49.0786 1722
49.1046 1723
49.1305 1724
49.1565 1725
49.1825 1726
49.2084 1727
49.2344 1728
49.2603 1729
49.2863 1730
49.3122 1730
49.3382 1731
49.3641 1732
49.3901 1733
49.416 1734
49.442 1734
49.4679 1735
49.4939 1735
49.5199 1736
49.5458 1737
49.5718 1738
49.5977 1739
49.6237 1739
49.6496 1740
49.6756 1740
49.7015 1741
49.7275 1742
49.7534 1743
49.7794 1744
49.8053 1745
49.8313 1745
49.8573 1746
49.8832 1746
49.9092 1747
49.9351 1748
49.9611 1749
49.987 1750
50.013 1750
50.0389 1751
50.0649 1751
50.0908 1752
50.1168 1753
50.1427 1754
50.1687 1755
50.1947 1756
50.2206 1756
50.2466 1757
50.2725 1757
50.2985 1758
50.3244 1758
50.3504 1759
50.3763 1759
50.4023 1760
50.4282 1761
50.4542 1762
50.4801 1763
50.5061 1764
50.5321 1765
50.558 1766
50.584 1767
50.6099 1768
50.6359 1768
50.6618 1769
50.6878 1770
50.7137 1771
50.7397 1772
50.7656 1773
50.7916 1773
50.8175 1774
50.8435 1775
50.8695 1776
50.8954 1777
50.9214 1778
50.9473 1778
50.9733 1779
50.9992 1779
51.0252 1780
51.0511 1781
51.0771 1782
51.103 1783
51.129 1784
51.1549 1784
51.1809 1785
51.2069 1785
51.2328 1786
51.2588 1786
51.2847 1787
51.3107 1787
51.3366 1788
51.3626 1789
51.3885 1790
51.4145 1791
51.4404 1792
51.4664 1792
51.4923 1793
51.5183 1793
51.5443 1794
51.5702 1795
51.5962 1796
51.6221 1797
51.6481 1797
51.674 1798
51.7 1798
51.7259 1799
51.7519 1799
51.7778 1800
51.8038 1800
51.8297 1801
51.8557 1802
51.8817 1803
51.9076 1804
51.9336 1804
51.9595 1805
51.9855 1805
52.0114 1806
52.0374 1807
52.0633 1808
52.0893 1809
52.1152 1809
52.1412 1810
52.1671 1810
52.1931 1811
52.2191 1812
52.245 1813
52.271 1814
52.2969 1815
52.3229 1815
52.3488 1816
52.3748 1817
52.4007 1818
52.4267 1819
52.4526 1819
52.4786 1820
52.5045 1820
52.5305 1821
52.5564 1822
52.5824 1822
52.6084 1823
52.6343 1824
52.6603 1824
52.6862 1825
52.7122 1826
52.7381 1827
52.7641 1828
52.79 1829
52.816 1830
52.8419 1831
52.8679 1832
52.8938 1833
52.9198 1833
52.9458 1834
52.9717 1834
52.9977 1835
53.0236 1835
53.0496 1836
53.0755 1836
53.1015 1837
53.1274 1838
53.1534 1839
53.1793 1840
53.2053 1841
53.2312 1842
53.2572 1843
53.2832 1844
53.3091 1844
53.3351 1845
53.361 1845
53.387 1846
53.4129 1846
53.4389 1847
53.4648 1847
53.4908 1848
53.5167 1849
53.5427 1850
53.5686 1851
53.5946 1852
53.6206 1853
53.6465 1854
53.6725 1855
53.6984 1856
53.7244 1857
53.7503 1858
53.7763 1859
53.8022 1860
53.8282 1861
53.8541 1862
53.8801 1863
53.906 1864
53.932 1865
53.958 1866
53.9839 1867
54.0099 1868
54.0358 1869
54.0618 1870
54.0877 1871
54.1137 1872
54.1396 1873
54.1656 1874
54.1915 1875
54.2175 1876
54.2434 1877
54.2694 1878
54.2954 1879
54.3213 1880
54.3473 1881
54.3732 1882
54.3992 1883
54.4251 1884
54.4511 1885
54.477 1886
54.503 1887
54.5289 1888
54.5549 1889
54.5808 1890
54.6068 1891
54.6328 1892
54.6587 1893
54.6847 1894
54.7106 1894
54.7366 1895
54.7625 1895
54.7885 1896
54.8144 1896
54.8404 1897
54.8663 1897
54.8923 1898
54.9182 1899
54.9442 1900
54.9702 1901
54.9961 1902
55.0221 1902
55.048 1903
55.074 1903
55.0999 1904
55.1259 1904
55.1518 1905
55.1778 1906
55.2037 1907
55.2297 1908
55.2556 1909
55.2816 1910
55.3076 1911
55.3335 1912
55.3595 1913
55.3854 1914
55.4114 1915
55.4373 1916
55.4633 1917
55.4892 1917
55.5152 1918
55.5411 1918
55.5671 1919
55.593 1919
55.619 1920
55.645 1920
55.6709 1921
55.6969 1922
55.7228 1922
55.7488 1923
55.7747 1924
55.8007 1925
55.8266 1926
55.8526 1926
55.8785 1927
55.9045 1927
55.9304 1928
55.9564 1928
55.9824 1929
56.0083 1929
56.0343 1930
56.0602 1930
56.0862 1931
56.1121 1931
56.1381 1932
56.164 1932
56.19 1933
56.2159 1933
56.2419 1934
56.2678 1935
56.2938 1936
56.3198 1937
56.3457 1938
56.3717 1939
56.3976 1940
56.4236 1941
56.4495 1942
56.4755 1943
56.5014 1944
56.5274 1945
56.5533 1945
56.5793 1946
56.6052 1946
56.6312 1947
56.6572 1947
56.6831 1948
56.7091 1948
56.735 1949
56.761 1950
56.7869 1951
56.8129 1952
56.8388 1952
56.8648 1953
56.8907 1953
56.9167 1954
56.9426 1954
56.9686 1955
56.9945 1955
57.0205 1956
57.0465 1957
57.0724 1958
57.0984 1959
57.1243 1960
57.1503 1961
57.1762 1961
57.2022 1962
57.2281 1962
57.2541 1963
57.28 1963
57.306 1964
57.3319 1964
57.3579 1965
57.3839 1965
57.4098 1966
57.4358 1966
57.4617 1967
57.4877 1967
57.5136 1968
57.5396 1968
57.5655 1969
57.5915 1970
57.6174 1971
57.6434 1972
57.6693 1973
57.6953 1974
57.7213 1975
57.7472 1975
57.7732 1976
57.7991 1976
57.8251 1977
57.851 1977
57.877 1978
57.9029 1978
57.9289 1979
57.9548 1980
57.9808 1981
58.0067 1982
58.0327 1983
58.0587 1984
58.0846 1985
58.1106 1985
58.1365 1986
58.1625 1986
58.1884 1987
58.2144 1987
58.2403 1988
58.2663 1988
58.2922 1989
58.3182 1990
58.3441 1991
58.3701 1992
58.3961 1993
58.422 1994
58.448 1995
58.4739 1996
58.4999 1997
58.5258 1998
58.5518 1999
58.5777 1999
58.6037 2000
58.6296 2000
58.6556 2001
58.6815 2001
58.7075 2002
58.7335 2002
58.7594 2003
58.7854 2004
58.8113 2005
58.8373 2006
58.8632 2007
58.8892 2007
58.9151 2008
58.9411 2008
58.967 2009
58.993 2009
59.0189 2010
59.0449 2010
59.0709 2011
59.0968 2011
59.1228 2012
59.1487 2012
59.1747 2013
59.2006 2013
59.2266 2014
59.2525 2014
59.2785 2015
59.3044 2016
59.3304 2017
59.3563 2018
59.3823 2018
59.4083 2019
59.4342 2019
59.4602 2020
59.4861 2020
59.5121 2021
59.538 2021
59.564 2022
59.5899 2023
59.6159 2024
59.6418 2025
59.6678 2025
59.6937 2026
59.7197 2027
59.7457 2028
59.7716 2029
59.7976 2029
59.8235 2030
59.8495 2030
59.8754 2031
59.9014 2032
59.9273 2033
59.9533 2034
59.9792 2035
60.0052 2035
60.0311 2036
60.0571 2036
60.0831 2037
60.109 2038
60.135 2039
60.1609 2040
60.1869 2040
60.2128 2041
60.2388 2041
60.2647 2042
60.2907 2043
60.3166 2044
60.3426 2045
60.3685 2045
60.3945 2046
60.4205 2046
60.4464 2047
60.4724 2048
60.4983 2049
60.5243 2050
60.5502 2051
60.5762 2051
60.6021 2052
60.6281 2053
60.654 2054
60.68 2055
60.7059 2056
60.7319 2057
60.7579 2058
60.7838 2059
60.8098 2060
60.8357 2060
60.8617 2061
60.8876 2061
60.9136 2062
60.9395 2063
60.9655 2064
60.9914 2065
61.0174 2066
61.0433 2067
61.0693 2068
61.0953 2069
61.1212 2070
61.1472 2071
61.1731 2072
61.1991 2073
61.225 2074
61.251 2075
61.2769 2076
61.3029 2077
61.3288 2078
61.3548 2079
61.3807 2080
61.4067 2081
61.4326 2082
61.4586 2083
61.4846 2084
61.5105 2085
61.5365 2086
61.5624 2086
61.5884 2087
61.6143 2087
61.6403 2088
61.6662 2089
61.6922 2090
61.7181 2091
61.7441 2092
61.77 2092
61.796 2093
61.822 2094
61.8479 2095
61.8739 2096
61.8998 2096
61.9258 2097
61.9517 2097
61.9777 2098
62.0036 2098
62.0296 2099
62.0555 2099
62.0815 2100
62.1074 2101
62.1334 2102
62.1594 2103
62.1853 2104
62.2113 2105
62.2372 2106
62.2632 2106
62.2891 2107
62.3151 2107
62.341 2108
62.367 2109
62.3929 2110
62.4189 2111
62.4448 2111
62.4708 2112
62.4968 2112
62.5227 2113
62.5487 2114
62.5746 2115
62.6006 2116
62.6265 2116
62.6525 2117
62.6784 2117
62.7044 2118
62.7303 2119
62.7563 2120
62.7822 2121
62.8082 2121
62.8342 2122
62.8601 2122
62.8861 2123
62.912 2123
62.938 2124
62.9639 2124
62.9899 2125
63.0158 2126
63.0418 2127
63.0677 2128
63.0937 2129
63.1196 2130
63.1456 2131
63.1716 2132
63.1975 2132
63.2235 2133
63.2494 2133
63.2754 2134
63.3013 2134
63.3273 2135
63.3532 2135
63.3792 2136
63.4051 2137
63.4311 2137
63.457 2138
63.483 2139
63.509 2140
63.5349 2141
63.5609 2141
63.5868 2142
63.6128 2142
63.6387 2143
63.6647 2143
63.6906 2144
63.7166 2144
63.7425 2145
63.7685 2145
63.7944 2146
63.8204 2146
63.8464 2147
63.8723 2147
63.8983 2148
63.9242 2148
63.9502 2149
63.9761 2150
64.0021 2151
64.028 2152
64.054 2153
64.0799 2153
64.1059 2154
64.1318 2154
64.1578 2155
64.1838 2156
64.2097 2157
64.2357 2158
64.2616 2159
64.2876 2159
64.3135 2160
64.3395 2161
64.3654 2162
64.3914 2163
64.4173 2164
64.4433 2164
64.4692 2165
64.4952 2166
64.5212 2167
64.5471 2168
64.5731 2169
64.599 2170
64.625 2170
64.6509 2171
64.6769 2171
64.7028 2172
64.7288 2173
64.7547 2174
64.7807 2175
64.8066 2176
64.8326 2177
64.8586 2178
64.8845 2179
64.9105 2180
64.9364 2181
64.9624 2182
64.9883 2182
65.0143 2183
65.0402 2183
65.0662 2184
65.0921 2184
65.1181 2185
65.144 2185
65.17 2186
65.196 2187
65.2219 2188
65.2479 2189
65.2738 2189
65.2998 2190
65.3257 2190
65.3517 2191
65.3776 2191
65.4036 2192
65.4295 2192
65.4555 2193
65.4814 2194
65.5074 2195
65.5334 2196
65.5593 2197
65.5853 2197
65.6112 2198
65.6372 2198
65.6631 2199
65.6891 2199
65.715 2200
65.741 2200
65.7669 2201
65.7929 2202
65.8188 2203
65.8448 2204
65.8708 2205
65.8967 2205
65.9227 2206
65.9486 2206
65.9746 2207
66.0005 2207
66.0265 2208
66.0524 2208
66.0784 2209
66.1043 2210
66.1303 2211
66.1562 2212
66.1822 2213
66.2081 2213
66.2341 2214
66.2601 2214
66.286 2215
66.312 2215
66.3379 2216
66.3639 2216
66.3898 2217
66.4158 2218
66.4417 2219
66.4677 2220
66.4936 2221
66.5196 2221
66.5455 2222
66.5715 2222
66.5975 2223
66.6234 2223
66.6494 2224
66.6753 2224
66.7013 2225
66.7272 2226
66.7532 2227
66.7791 2228
66.8051 2229
66.831 2229
66.857 2230
66.8829 2230
66.9089 2231
66.9349 2231
66.9608 2232
66.9868 2232
67.0127 2233
67.0387 2234
67.0646 2235
67.0906 2236
67.1165 2237
67.1425 2237
67.1684 2238
67.1944 2238
67.2203 2239
67.2463 2239
67.2723 2240
67.2982 2240
67.3242 2241
67.3501 2242
67.3761 2243
67.402 2244
67.428 2245
67.4539 2245
67.4799 2246
67.5058 2246
67.5318 2247
67.5577 2247
67.5837 2248
67.6097 2248
67.6356 2249
67.6616 2250
67.6875 2251
67.7135 2252
67.7394 2253
67.7654 2253
67.7913 2254
67.8173 2254
67.8432 2255
67.8692 2255
67.8951 2256
67.9211 2256
67.9471 2257
67.973 2258
67.999 2259
68.0249 2260
68.0509 2261
68.0768 2261
68.1028 2262
68.1287 2262
68.1547 2263
68.1806 2263
68.2066 2264
68.2325 2264
68.2585 2265
68.2845 2266
68.3104 2267
68.3364 2268
68.3623 2269
68.3883 2269
68.4142 2270
68.4402 2270
68.4661 2271
68.4921 2271
68.518 2272
68.544 2272
68.5699 2273
68.5959 2274
68.6219 2275
68.6478 2276
68.6738 2277
68.6997 2277
68.7257 2278
68.7516 2278
68.7776 2279
68.8035 2279
68.8295 2280
68.8554 2280
68.8814 2281
68.9073 2282
68.9333 2283
68.9593 2284
68.9852 2285
69.0112 2285
69.0371 2286
69.0631 2286
69.089 2287
69.115 2287
69.1409 2288
69.1669 2288
69.1928 2289
69.2188 2290
69.2447 2291
69.2707 2292
69.2967 2292
69.3226 2293
69.3486 2293
69.3745 2294
69.4005 2294
69.4264 2295
69.4524 2295
69.4783 2296
69.5043 2297
69.5302 2298
69.5562 2299
69.5821 2300
69.6081 2300
69.6341 2301
69.66 2301
69.686 2302
69.7119 2302
69.7379 2303
69.7638 2303
69.7898 2304
69.8157 2305
69.8417 2306
69.8676 2307
69.8936 2308
69.9195 2308
69.9455 2309
69.9715 2309
69.9974 2310
70.0234 2310
70.0493 2311
70.0753 2311
70.1012 2312
70.1272 2313
70.1531 2314
70.1791 2315
70.205 2316
70.231 2317
70.2569 2318
70.2829 2319
70.3089 2320
70.3348 2321
70.3608 2321
70.3867 2322
70.4127 2322
70.4386 2323
70.4646 2323
70.4905 2324
70.5165 2324
70.5424 2325
70.5684 2326
70.5943 2327
70.6203 2328
70.6462 2329
70.6722 2329
70.6982 2330
70.7241 2330
70.7501 2331
70.776 2331
70.802 2332
70.8279 2332
70.8539 2333
70.8798 2334
70.9058 2335
70.9317 2336
70.9577 2337
70.9836 2338
71.0096 2338
71.0356 2339
71.0615 2339
71.0875 2340
71.1134 2340
71.1394 2341
71.1653 2341
71.1913 2342
71.2172 2343
71.2432 2344
71.2691 2345
71.2951 2345
71.321 2346
71.347 2346
71.373 2347
71.3989 2347
71.4249 2348
71.4508 2348
71.4768 2349
71.5027 2350
71.5287 2351
71.5546 2352
71.5806 2353
71.6065 2354
71.6325 2355
71.6584 2356
71.6844 2357
71.7104 2358
71.7363 2358
71.7623 2359
71.7882 2359
71.8142 2360
71.8401 2360
71.8661 2361
71.892 2361
71.918 2362
71.9439 2363
71.9699 2364
71.9958 2365
72.0218 2366
72.0478 2366
72.0737 2367
72.0997 2367
72.1256 2368
72.1516 2368
72.1775 2369
72.2035 2369
72.2294 2370
72.2554 2371
72.2813 2372
72.3073 2373
72.3332 2374
72.3592 2375
72.3852 2375
72.4111 2376
72.4371 2376
72.463 2377
72.489 2377
72.5149 2378
72.5409 2378
72.5668 2379
72.5928 2380
72.6187 2381
72.6447 2382
72.6706 2383
72.6966 2384
72.7226 2384
72.7485 2385
72.7745 2385
72.8004 2386
72.8264 2386
72.8523 2387
72.8783 2387
72.9042 2388
72.9302 2389
72.9561 2390
72.9821 2391
73.008 2392
73.034 2392
73.06 2393
73.0859 2393
73.1119 2394
73.1378 2394
73.1638 2395
73.1897 2395
73.2157 2396
73.2416 2397
73.2676 2398
73.2935 2399
73.3195 2400
73.3454 2401
73.3714 2401
73.3974 2402
73.4233 2402
73.4493 2403
73.4752 2403
73.5012 2404
73.5271 2404
73.5531 2405
73.579 2406
73.605 2407
73.6309 2408
73.6569 2408
73.6828 2409
73.7088 2409
73.7348 2410
73.7607 2410
73.7867 2411
73.8126 2411
73.8386 2412
73.8645 2413
73.8905 2414
73.9164 2415
73.9424 2416
73.9683 2417
73.9943 2418
74.0202 2418
74.0462 2419
74.0722 2419
74.0981 2420
74.1241 2420
74.15 2421
74.176 2421
74.2019 2422
74.2279 2423
74.2538 2424
74.2798 2425
74.3057 2426
74.3317 2426
74.3576 2427
74.3836 2427
74.4096 2428
74.4355 2428
74.4615 2429
74.4874 2429
74.5134 2430
74.5393 2431
74.5653 2432
74.5912 2433
74.6172 2433
74.6431 2434
74.6691 2434
74.695 2435
74.721 2435
74.747 2436
74.7729 2436
74.7989 2437
74.8248 2438
74.8508 2439
74.8767 2440
74.9027 2441
74.9286 2442
74.9546 2442
74.9805 2443
75.0065 2443
75.0324 2444
75.0584 2444
75.0843 2445
75.1103 2445
75.1363 2446
75.1622 2447
75.1882 2448
75.2141 2449
75.2401 2450
75.266 2450
75.292 2451
75.3179 2451
75.3439 2452
75.3698 2452
75.3958 2453
75.4217 2453
75.4477 2454
75.4737 2455
75.4996 2456
75.5256 2457
75.5515 2458
75.5775 2458
75.6034 2459
75.6294 2459
75.6553 2460
75.6813 2460
75.7072 2461
75.7332 2461
75.7591 2462
75.7851 2463
75.8111 2464
75.837 2465
75.863 2466
75.8889 2467
75.9149 2467
75.9408 2468
75.9668 2468
75.9927 2469
76.0187 2469
76.0446 2470
76.0706 2470
76.0965 2471
76.1225 2472
76.1485 2473
76.1744 2474
76.2004 2475
76.2263 2476
76.2523 2477
76.2782 2478
76.3042 2478
76.3301 2479
76.3561 2479
76.382 2480
76.408 2480
76.4339 2481
76.4599 2482
76.4859 2483
76.5118 2484
76.5378 2485
76.5637 2485
76.5897 2486
76.6156 2486
76.6416 2487
76.6675 2487
76.6935 2488
76.7194 2488
76.7454 2489
76.7713 2490
76.7973 2491
76.8233 2492
76.8492 2493
76.8752 2494
76.9011 2495
76.9271 2496
76.953 2497
76.979 2498
77.0049 2499
77.0309 2500
77.0568 2501
77.0828 2502
77.1087 2503
77.1347 2504
77.1607 2505
77.1866 2506
77.2126 2506
77.2385 2507
77.2645 2507
77.2904 2508
77.3164 2508
77.3423 2509
77.3683 2509
77.3942 2510
77.4202 2511
77.4461 2512
77.4721 2513
77.4981 2513
77.524 2514
77.55 2514
77.5759 2515
77.6019 2515
77.6278 2516
77.6538 2516
77.6797 2517
77.7057 2518
77.7316 2518
77.7576 2519
77.7835 2519
77.8095 2520
77.8355 2521
77.8614 2522
77.8874 2523
77.9133 2524
77.9393 2525
77.9652 2526
77.9912 2527
78.0171 2528
78.0431 2529
78.069 2530
78.095 2531
78.1209 2532
78.1469 2533
78.1729 2534
78.1988 2535
78.2248 2536
78.2507 2537
78.2767 2538
78.3026 2539
78.3286 2540
78.3545 2541
78.3805 2542
78.4064 2543
78.4324 2544
78.4583 2545
78.4843 2546
78.5103 2547
78.5362 2548
78.5622 2549
78.5881 2550
78.6141 2551
78.64 2552
78.666 2553
