0.0258933 2
0.0517866 2
0.07768 3
0.103573 4
0.129467 5
0.15536 6
0.181253 7
0.207147 7
0.23304 8
0.258933 9
0.284827 10
0.31072 11
0.336613 12
0.362506 13
0.3884 14
0.414293 15
0.440186 16
0.46608 17
0.491973 18
0.517866 19
0.54376 20
0.569653 21
0.595546 22
0.62144 23
0.647333 24
0.673226 25
0.69912 26
0.725013 27
0.750906 28
0.7768 29
0.802693 30
0.828586 31
0.85448 32
0.880373 33
0.906266 34
0.93216 35
0.958053 36
0.983946 37
1.00984 38
1.03573 39
1.06163 40
1.08752 41
1.11341 42
1.13931 43
1.1652 44
1.19109 45
1.21699 46
1.24288 47
1.26877 48
1.29467 49
1.32056 50
1.34645 51
1.37235 52
1.39824 53
1.42413 54
1.45003 55
1.47592 56
1.50181 57
1.52771 58
1.5536 59
1.57949 60
1.60539 61
1.63128 62
1.65717 63
1.68307 64
1.70896 65
1.73485 66
1.76075 67
1.78664 68
1.81253 69
1.83843 70
1.86432 71
1.89021 72
1.91611 73
1.942 74
1.96789 75
1.99379 76
2.01968 77
2.04557 78
2.07147 79
2.09736 80
2.12325 81
2.14915 82
2.17504 83
2.20093 84
2.22683 85
2.25272 86
2.27861 87
2.30451 88
2.3304 89
2.35629 90
2.38219 91
2.40808 92
2.43397 93
2.45987 94
2.48576 95
2.51165 96
2.53755 97
2.56344 98
2.58933 99
2.61523 100
2.64112 101
2.66701 102
2.69291 103
2.7188 104
2.74469 105
2.77059 106
2.79648 107
2.82237 108
2.84827 109
2.87416 110
2.90005 111
2.92595 112
2.95184 113
2.97773 113
3.00363 114
3.02952 115
3.05541 116
3.08131 117
3.1072 118
3.13309 119
3.15898 120
3.18488 121
3.21077 121
3.23666 122
3.26256 122
3.28845 123
3.31434 124
3.34024 125
3.36613 126
3.39202 126
3.41792 127
3.44381 128
3.4697 129
3.4956 130
3.52149 130
3.54738 131
3.57328 132
3.59917 133
3.62506 134
3.65096 135
3.67685 136
3.70274 136
3.72864 137
3.75453 138
3.78042 139
3.80632 140
3.83221 140
3.8581 141
3.884 142
3.90989 143
3.93578 144
3.96168 145
3.98757 146
4.01346 146
4.03936 147
4.06525 148
4.09114 149
4.11704 150
4.14293 150
4.16882 151
4.19472 152
4.22061 153
4.2465 154
4.2724 155
4.29829 156
4.32418 156
4.35008 157
4.37597 158
4.40186 159
4.42776 160
4.45365 161
4.47954 162
4.50544 163
4.53133 164
4.55722 164
4.58312 165
4.60901 165
4.6349 166
4.6608 167
4.68669 168
4.71258 169
4.73848 169
4.76437 170
4.79026 171
4.81616 172
4.84205 173
4.86794 174
4.89384 174
4.91973 175
4.94562 175
4.97152 176
4.99741 177
5.0233 178
5.0492 179
5.07509 179
5.10098 180
5.12688 181
5.15277 182
5.17866 182
5.20456 183
5.23045 183
5.25634 184
5.28224 184
5.30813 185
5.33402 186
5.35992 187
5.38581 188
5.4117 188
5.4376 189
5.46349 190
5.48938 191
5.51528 191
5.54117 192
5.56706 192
5.59296 193
5.61885 193
5.64474 194
5.67064 194
5.69653 195
5.72242 195
5.74832 196
5.77421 197
5.8001 197
5.826 198
5.85189 198
5.87778 199
5.90368 199
5.92957 200
5.95546 200
5.98136 201
6.00725 201
6.03314 202
6.05904 202
6.08493 203
6.11082 203
6.13672 204
6.16261 204
6.1885 205
6.2144 206
6.24029 206
6.26618 207
6.29208 207
6.31797 208
6.34386 208
6.36976 209
6.39565 210
6.42154 211
6.44744 212
6.47333 213
6.49922 214
6.52512 215
6.55101 216
6.5769 217
6.6028 218
6.62869 219
6.65458 220
6.68048 221
6.70637 222
6.73226 223
6.75816 224
6.78405 225
6.80994 226
6.83584 227
6.86173 228
6.88762 229
6.91352 230
6.93941 230
6.9653 231
6.9912 232
7.01709 233
7.04298 234
7.06888 235
7.09477 236
7.12066 237
7.14656 238
7.17245 239
7.19834 240
7.22424 241
7.25013 242
7.27602 243
7.30192 244
7.32781 245
7.3537 246
7.3796 247
7.40549 248
7.43138 249
7.45728 250
7.48317 251
7.50906 252
7.53496 253
7.56085 254
7.58674 255
7.61264 256
7.63853 257
7.66442 258
7.69032 259
7.71621 260
7.7421 261
7.768 262
7.79389 263
7.81978 264
7.84568 265
7.87157 266
7.89746 267
7.92336 268
7.94925 269
7.97514 270
8.00104 271
8.02693 272
8.05282 273
8.07872 274
8.10461 275
8.1305 276
8.1564 277
8.18229 278
8.20818 279
8.23408 280
8.25997 281
8.28586 282
8.31176 283
8.33765 284
8.36354 285
8.38944 286
8.41533 287
8.44122 288
8.46712 289
8.49301 290
8.5189 291
8.5448 292
8.57069 293
8.59658 294
8.62248 295
8.64837 296
8.67426 297
8.70016 297
8.72605 298
8.75194 299
8.77784 299
8.80373 300
8.82962 300
8.85552 301
8.88141 301
8.9073 302
8.9332 302
8.95909 303
8.98498 303
9.01088 304
9.03677 304
9.06266 305
9.08856 305
9.11445 306
9.14034 306
9.16624 307
9.19213 307
9.21802 308
9.24392 308
9.26981 309
9.2957 309
9.3216 310
9.34749 310
9.37338 311
9.39927 312
9.42517 312
9.45106 313
9.47695 313
9.50285 314
9.52874 314
9.55463 315
9.58053 315
9.60642 316
9.63231 316
9.65821 317
9.6841 317
9.70999 318
9.73589 318
9.76178 319
9.78767 319
9.81357 320
9.83946 320
9.86535 321
9.89125 321
9.91714 322
9.94303 322
9.96893 323
9.99482 324
10.0207 325
10.0466 326
10.0725 327
10.0984 328
10.1243 329
10.1502 330
10.1761 331
10.202 332
10.2279 333
10.2538 334
10.2796 335
10.3055 336
10.3314 337
10.3573 338
10.3832 339
10.4091 340
10.435 340
10.4609 341
10.4868 341
10.5127 342
10.5386 343
10.5645 344
10.5904 345
10.6163 346
10.6422 347
10.668 348
10.6939 349
10.7198 350
10.7457 351
10.7716 351
10.7975 352
10.8234 353
10.8493 354
10.8752 355
10.9011 356
10.927 357
10.9529 358
10.9788 359
11.0047 359
11.0306 360
11.0564 360
11.0823 361
11.1082 362
11.1341 363
11.16 364
11.1859 364
11.2118 365
11.2377 366
11.2636 367
11.2895 368
11.3154 369
11.3413 370
11.3672 371
11.3931 372
11.419 373
11.4448 374
11.4707 375
11.4966 376
11.5225 377
11.5484 378
11.5743 379
11.6002 380
11.6261 381
11.652 382
11.6779 383
11.7038 384
11.7297 385
11.7556 386
11.7815 387
11.8074 388
11.8332 389
11.8591 390
11.885 391
11.9109 392
11.9368 393
11.9627 394
11.9886 395
12.0145 396
12.0404 397
12.0663 398
12.0922 399
12.1181 400
12.144 401
12.1699 402
12.1958 403
12.2216 404
12.2475 405
12.2734 406
12.2993 407
12.3252 408
12.3511 409
12.377 410
12.4029 411
12.4288 412
12.4547 413
12.4806 414
12.5065 415
12.5324 416
12.5583 417
12.5842 418
12.61 419
12.6359 420
12.6618 421
12.6877 422
12.7136 423
12.7395 424
12.7654 425
12.7913 426
12.8172 427
12.8431 428
12.869 429
12.8949 430
12.9208 431
12.9467 432
12.9726 433
12.9984 434
13.0243 435
13.0502 436
13.0761 437
13.102 438
13.1279 439
13.1538 440
13.1797 441
13.2056 442
13.2315 443
13.2574 444
13.2833 445
13.3092 446
13.3351 447
13.361 448
13.3868 449
13.4127 450
13.4386 451
13.4645 452
13.4904 453
13.5163 454
13.5422 455
13.5681 456
13.594 457
13.6199 458
13.6458 459
13.6717 460
13.6976 461
13.7235 462
13.7494 463
13.7752 464
13.8011 465
13.827 466
13.8529 467
13.8788 468
13.9047 469
13.9306 470
13.9565 471
13.9824 472
14.0083 473
14.0342 474
14.0601 475
14.086 476
14.1119 477
14.1378 478
14.1636 479
14.1895 480
14.2154 481
14.2413 482
14.2672 483
14.2931 483
14.319 484
14.3449 485
14.3708 486
14.3967 487
14.4226 488
14.4485 489
14.4744 490
14.5003 491
14.5262 492
14.552 493
14.5779 494
14.6038 495
14.6297 496
14.6556 497
14.6815 498
14.7074 499
14.7333 500
14.7592 501
14.7851 502
14.811 503
14.8369 504
14.8628 505
14.8887 506
14.9146 507
14.9404 508
14.9663 509
14.9922 510
15.0181 511
15.044 512
15.0699 513
15.0958 514
15.1217 515
15.1476 516
15.1735 517
15.1994 518
15.2253 519
15.2512 520
15.2771 521
15.303 522
15.3288 522
15.3547 523
15.3806 524
15.4065 525
15.4324 526
15.4583 527
15.4842 528
15.5101 529
15.536 530
15.5619 531
15.5878 532
15.6137 533
15.6396 534
15.6655 535
15.6914 536
15.7172 536
15.7431 537
15.769 538
15.7949 539
15.8208 540
15.8467 541
15.8726 542
15.8985 543
15.9244 544
15.9503 545
15.9762 546
16.0021 546
16.028 547
16.0539 548
16.0798 549
16.1056 550
16.1315 551
16.1574 552
16.1833 553
16.2092 554
16.2351 555
16.261 555
16.2869 556
16.3128 557
16.3387 558
16.3646 559
16.3905 560
16.4164 561
16.4423 562
16.4682 563
16.494 564
16.5199 565
16.5458 566
16.5717 567
16.5976 568
16.6235 569
16.6494 570
16.6753 571
16.7012 572
16.7271 573
16.753 574
16.7789 575
16.8048 576
16.8307 577
16.8566 578
16.8824 579
16.9083 580
16.9342 581
16.9601 582
16.986 583
17.0119 584
17.0378 585
17.0637 586
17.0896 587
17.1155 588
17.1414 589
17.1673 590
17.1932 591
17.2191 592
17.245 593
17.2708 594
17.2967 595
17.3226 596
17.3485 597
17.3744 598
17.4003 599
17.4262 600
17.4521 601
17.478 602
17.5039 603
17.5298 604
17.5557 605
17.5816 606
17.6075 607
17.6334 608
17.6592 609
17.6851 610
17.711 610
17.7369 611
17.7628 611
17.7887 612
17.8146 613
17.8405 614
17.8664 615
17.8923 616
17.9182 617
17.9441 618
17.97 619
17.9959 620
18.0218 621
18.0476 622
18.0735 622
18.0994 623
18.1253 624
18.1512 625
18.1771 626
18.203 626
18.2289 627
18.2548 628
18.2807 629
18.3066 630
18.3325 630
18.3584 631
18.3843 632
18.4102 633
18.436 633
18.4619 634
18.4878 634
18.5137 635
18.5396 636
18.5655 637
18.5914 638
18.6173 639
18.6432 640
18.6691 641
18.695 641
18.7209 642
18.7468 643
18.7727 644
18.7985 645
18.8244 646
18.8503 647
18.8762 648
18.9021 649
18.928 650
18.9539 651
18.9798 652
19.0057 653
19.0316 654
19.0575 655
19.0834 656
19.1093 657
19.1352 658
19.1611 659
19.1869 660
19.2128 660
19.2387 661
19.2646 662
19.2905 663
19.3164 663
19.3423 664
19.3682 664
19.3941 665
19.42 666
19.4459 667
19.4718 667
19.4977 668
19.5236 668
19.5495 669
19.5753 669
19.6012 670
19.6271 671
19.653 671
19.6789 672
19.7048 672
19.7307 673
19.7566 673
19.7825 674
19.8084 675
19.8343 675
19.8602 676
19.8861 676
19.912 677
19.9379 677
19.9637 678
19.9896 679
20.0155 679
20.0414 680
20.0673 680
20.0932 681
20.1191 681
20.145 682
20.1709 683
20.1968 683
20.2227 684
20.2486 684
20.2745 685
20.3004 685
20.3263 686
20.3521 686
20.378 687
20.4039 688
20.4298 688
20.4557 689
20.4816 689
20.5075 690
20.5334 690
20.5593 691
20.5852 692
20.6111 692
20.637 693
20.6629 693
20.6888 694
20.7147 694
20.7405 695
20.7664 696
20.7923 696
20.8182 697
20.8441 698
20.87 698
20.8959 699
20.9218 699
20.9477 700
20.9736 700
20.9995 700
21.0254 701
21.0513 702
21.0772 703
21.1031 703
21.1289 704
21.1548 704
21.1807 705
21.2066 705
21.2325 706
21.2584 707
21.2843 707
21.3102 708
21.3361 708
21.362 709
21.3879 710
21.4138 711
21.4397 711
21.4656 712
21.4915 712
21.5173 713
21.5432 714
21.5691 715
21.595 716
21.6209 716
21.6468 717
21.6727 717
21.6986 718
21.7245 719
21.7504 720
21.7763 721
21.8022 721
21.8281 722
21.854 723
21.8799 723
21.9057 724
21.9316 724
21.9575 725
21.9834 725
22.0093 726
22.0352 726
22.0611 727
22.087 727
22.1129 728
22.1388 729
22.1647 729
22.1906 730
22.2165 730
22.2424 731
22.2683 731
22.2941 731
22.32 732
22.3459 733
22.3718 734
22.3977 734
22.4236 735
22.4495 735
22.4754 736
22.5013 737
22.5272 738
22.5531 739
22.579 739
22.6049 740
22.6308 740
22.6567 741
22.6825 742
22.7084 742
22.7343 743
22.7602 743
22.7861 744
22.812 745
22.8379 745
22.8638 746
22.8897 747
22.9156 748
22.9415 749
22.9674 750
22.9933 751
23.0192 752
23.0451 753
23.0709 754
23.0968 755
23.1227 756
23.1486 757
23.1745 758
23.2004 759
23.2263 760
23.2522 761
23.2781 762
23.304 763
23.3299 764
23.3558 765
23.3817 766
23.4076 767
23.4335 768
23.4593 769
23.4852 769
23.5111 770
23.537 771
23.5629 772
23.5888 773
23.6147 774
23.6406 775
23.6665 776
23.6924 777
23.7183 778
23.7442 779
23.7701 780
23.796 781
23.8219 782
23.8477 783
23.8736 784
23.8995 785
23.9254 786
23.9513 787
23.9772 788
24.0031 789
24.029 790
24.0549 791
24.0808 792
24.1067 793
24.1326 794
24.1585 795
24.1844 796
24.2103 797
24.2361 798
24.262 799
24.2879 800
24.3138 801
24.3397 802
24.3656 803
24.3915 804
24.4174 805
24.4433 806
24.4692 807
24.4951 808
24.521 809
24.5469 810
24.5728 811
24.5987 812
24.6245 813
24.6504 814
24.6763 815
24.7022 816
24.7281 816
24.754 817
24.7799 818
24.8058 819
24.8317 820
24.8576 821
24.8835 822
24.9094 823
24.9353 824
24.9612 825
24.9871 826
25.0129 827
25.0388 828
25.0647 829
25.0906 830
25.1165 831
25.1424 832
25.1683 833
25.1942 834
25.2201 835
25.246 836
25.2719 837
25.2978 838
25.3237 839
25.3496 840
25.3755 841
25.4013 842
25.4272 843
25.4531 844
25.479 845
25.5049 846
25.5308 847
25.5567 848
25.5826 849
25.6085 850
25.6344 851
25.6603 852
25.6862 853
25.7121 854
25.738 855
25.7639 856
25.7897 857
25.8156 858
25.8415 859
25.8674 860
25.8933 861
25.9192 862
25.9451 863
25.971 864
25.9969 865
26.0228 866
26.0487 867
26.0746 868
26.1005 869
26.1264 870
26.1523 871
26.1781 872
26.204 873
26.2299 873
26.2558 874
26.2817 874
26.3076 875
26.3335 876
26.3594 877
26.3853 878
26.4112 879
26.4371 880
26.463 881
26.4889 882
26.5148 883
26.5407 884
26.5665 885
26.5924 886
26.6183 887
26.6442 888
26.6701 889
26.696 890
26.7219 891
26.7478 892
26.7737 893
26.7996 894
26.8255 895
26.8514 896
26.8773 897
26.9032 898
26.9291 899
26.9549 900
26.9808 901
27.0067 902
27.0326 903
27.0585 904
27.0844 905
27.1103 906
27.1362 907
27.1621 908
27.188 909
27.2139 910
27.2398 911
27.2657 912
27.2916 913
27.3175 914
27.3433 915
27.3692 916
27.3951 917
27.421 918
27.4469 919
27.4728 920
27.4987 921
27.5246 922
27.5505 923
27.5764 924
27.6023 925
27.6282 926
27.6541 927
27.68 928
27.7059 929
27.7317 930
27.7576 931
27.7835 932
27.8094 933
27.8353 934
27.8612 935
27.8871 936
27.913 937
27.9389 938
27.9648 939
27.9907 940
28.0166 941
28.0425 942
28.0684 943
28.0943 944
28.1201 945
28.146 946
28.1719 947
28.1978 948
28.2237 949
28.2496 950
28.2755 951
28.3014 952
28.3273 953
28.3532 954
28.3791 955
28.405 956
28.4309 957
28.4568 958
28.4827 959
28.5085 960
28.5344 961
28.5603 962
28.5862 963
28.6121 964
28.638 965
28.6639 966
28.6898 967
28.7157 968
28.7416 969
28.7675 970
28.7934 971
28.8193 972
28.8452 973
28.8711 974
28.8969 975
28.9228 976
28.9487 977
28.9746 978
29.0005 979
29.0264 980
29.0523 981
29.0782 982
29.1041 983
29.13 984
29.1559 985
29.1818 986
29.2077 987
29.2336 988
29.2595 989
29.2853 990
29.3112 991
29.3371 992
29.363 993
29.3889 994
29.4148 995
29.4407 996
29.4666 997
29.4925 998
29.5184 999
29.5443 1000
29.5702 1001
29.5961 1002
29.622 1003
29.6479 1004
29.6737 1005
29.6996 1006
29.7255 1007
29.7514 1008
29.7773 1009
29.8032 1010
29.8291 1011
29.855 1012
29.8809 1013
29.9068 1014
29.9327 1015
29.9586 1016
29.9845 1017
30.0104 1018
30.0363 1019
30.0621 1020
30.088 1021
30.1139 1022
30.1398 1023
30.1657 1024
30.1916 1025
30.2175 1026
30.2434 1027
30.2693 1028
30.2952 1029
30.3211 1030
30.347 1031
30.3729 1032
30.3988 1033
30.4247 1034
30.4505 1035
30.4764 1036
30.5023 1037
30.5282 1038
30.5541 1039
30.58 1040
30.6059 1041
30.6318 1042
30.6577 1043
30.6836 1044
30.7095 1045
30.7354 1046
30.7613 1047
30.7872 1048
30.8131 1049
30.8389 1050
30.8648 1051
30.8907 1052
30.9166 1053
30.9425 1054
30.9684 1055
30.9943 1056
31.0202 1057
31.0461 1058
31.072 1059
31.0979 1060
31.1238 1060
31.1497 1061
31.1756 1061
31.2015 1062
31.2273 1062
31.2532 1063
31.2791 1064
31.305 1065
31.3309 1066
31.3568 1067
31.3827 1068
31.4086 1069
31.4345 1070
31.4604 1071
31.4863 1072
31.5122 1073
31.5381 1074
31.564 1075
31.5898 1076
31.6157 1077
31.6416 1078
31.6675 1079
31.6934 1080
31.7193 1081
31.7452 1082
31.7711 1083
31.797 1084
31.8229 1085
31.8488 1086
31.8747 1087
31.9006 1088
31.9265 1089
31.9524 1090
31.9782 1091
32.0041 1092
32.03 1093
32.0559 1094
32.0818 1095
32.1077 1096
32.1336 1097
32.1595 1098
32.1854 1099
32.2113 1100
32.2372 1101
32.2631 1102
32.289 1103
32.3149 1104
32.3408 1105
32.3666 1106
32.3925 1107
32.4184 1108
32.4443 1109
32.4702 1110
32.4961 1111
32.522 1112
32.5479 1113
32.5738 1114
32.5997 1115
32.6256 1116
32.6515 1117
32.6774 1118
32.7033 1119
32.7292 1120
32.755 1121
32.7809 1122
32.8068 1123
32.8327 1124
32.8586 1125
32.8845 1126
32.9104 1127
32.9363 1128
32.9622 1129
32.9881 1130
33.014 1131
33.0399 1132
33.0658 1133
33.0917 1134
33.1176 1135
33.1434 1136
33.1693 1137
33.1952 1138
33.2211 1139
33.247 1140
33.2729 1141
33.2988 1142
33.3247 1143
33.3506 1144
33.3765 1145
33.4024 1146
33.4283 1147
33.4542 1148
33.4801 1149
33.506 1150
33.5318 1151
33.5577 1152
33.5836 1153
33.6095 1154
33.6354 1155
33.6613 1156
33.6872 1157
33.7131 1158
33.739 1159
33.7649 1160
33.7908 1161
33.8167 1162
33.8426 1163
33.8685 1164
33.8944 1165
33.9202 1166
33.9461 1167
33.972 1168
33.9979 1169
34.0238 1170
34.0497 1171
34.0756 1172
34.1015 1173
34.1274 1174
34.1533 1175
34.1792 1176
34.2051 1177
34.231 1178
34.2569 1179
34.2828 1180
34.3086 1181
34.3345 1182
34.3604 1183
34.3863 1184
34.4122 1185
34.4381 1186
34.464 1187
34.4899 1188
34.5158 1189
34.5417 1190
34.5676 1191
34.5935 1192
34.6194 1193
34.6453 1194
34.6712 1195
34.697 1196
34.7229 1197
34.7488 1198
34.7747 1199
34.8006 1200
34.8265 1201
34.8524 1202
34.8783 1203
34.9042 1204
34.9301 1205
34.956 1206
34.9819 1207
35.0078 1208
35.0337 1209
35.0596 1210
35.0854 1211
35.1113 1212
35.1372 1213
35.1631 1214
35.189 1215
35.2149 1216
35.2408 1217
35.2667 1218
35.2926 1219
35.3185 1220
35.3444 1221
35.3703 1222
35.3962 1223
35.4221 1224
35.448 1225
35.4738 1226
35.4997 1227
35.5256 1228
35.5515 1229
35.5774 1230
35.6033 1231
35.6292 1232
35.6551 1233
35.681 1234
35.7069 1235
35.7328 1236
35.7587 1237
35.7846 1238
35.8105 1239
35.8364 1240
35.8622 1241
35.8881 1242
35.914 1243
35.9399 1244
35.9658 1245
35.9917 1246
36.0176 1247
36.0435 1248
36.0694 1249
36.0953 1250
36.1212 1251
36.1471 1252
36.173 1253
36.1989 1254
36.2248 1255
36.2506 1256
36.2765 1257
36.3024 1258
36.3283 1259
36.3542 1260
36.3801 1261
36.406 1262
36.4319 1263
36.4578 1264
36.4837 1265
36.5096 1266
36.5355 1267
36.5614 1268
36.5873 1269
36.6132 1270
36.639 1271
36.6649 1272
36.6908 1273
36.7167 1274
36.7426 1275
36.7685 1276
36.7944 1277
36.8203 1278
36.8462 1279
36.8721 1280
36.898 1281
36.9239 1282
36.9498 1283
36.9757 1284
37.0016 1285
37.0274 1286
37.0533 1287
37.0792 1288
37.1051 1289
37.131 1290
37.1569 1291
37.1828 1292
37.2087 1293
37.2346 1294
37.2605 1295
37.2864 1296
37.3123 1297
37.3382 1298
37.3641 1299
37.39 1300
37.4158 1301
37.4417 1302
37.4676 1303
37.4935 1304
37.5194 1305
37.5453 1306
37.5712 1307
37.5971 1308
37.623 1308
37.6489 1309
37.6748 1309
37.7007 1310
37.7266 1311
37.7525 1311
37.7784 1312
37.8042 1312
37.8301 1313
37.856 1313
37.8819 1314
37.9078 1314
37.9337 1315
37.9596 1315
37.9855 1316
38.0114 1316
38.0373 1317
38.0632 1318
38.0891 1319
38.115 1320
38.1409 1321
38.1668 1322
38.1926 1323
38.2185 1324
38.2444 1325
38.2703 1326
38.2962 1327
38.3221 1328
38.348 1329
38.3739 1330
38.3998 1331
38.4257 1332
38.4516 1333
38.4775 1334
38.5034 1335
38.5293 1336
38.5552 1337
38.581 1338
38.6069 1339
38.6328 1340
38.6587 1341
38.6846 1342
38.7105 1343
38.7364 1344
38.7623 1345
38.7882 1346
38.8141 1347
38.84 1348
38.8659 1348
38.8918 1349
38.9177 1349
38.9436 1350
38.9694 1350
38.9953 1351
39.0212 1351
39.0471 1352
39.073 1353
39.0989 1354
39.1248 1355
39.1507 1356
39.1766 1357
39.2025 1358
39.2284 1359
39.2543 1360
39.2802 1361
39.3061 1362
39.332 1363
39.3578 1364
39.3837 1365
39.4096 1366
39.4355 1367
39.4614 1368
39.4873 1369
39.5132 1370
39.5391 1371
39.565 1372
39.5909 1373
39.6168 1374
39.6427 1375
39.6686 1376
39.6945 1377
39.7204 1378
39.7462 1379
39.7721 1380
39.798 1381
39.8239 1382
39.8498 1383
39.8757 1384
39.9016 1385
39.9275 1386
39.9534 1387
39.9793 1388
40.0052 1389
40.0311 1390
40.057 1391
40.0829 1392
40.1088 1393
40.1346 1394
40.1605 1395
40.1864 1396
40.2123 1397
40.2382 1398
40.2641 1399
40.29 1400
40.3159 1401
40.3418 1402
40.3677 1403
40.3936 1404
40.4195 1405
40.4454 1406
40.4713 1407
40.4972 1408
40.523 1409
40.5489 1410
40.5748 1411
40.6007 1412
40.6266 1413
40.6525 1414
40.6784 1415
40.7043 1416
40.7302 1417
40.7561 1418
40.782 1419
40.8079 1420
40.8338 1421
40.8597 1422
40.8856 1423
40.9114 1424
40.9373 1425
40.9632 1426
40.9891 1427
41.015 1428
41.0409 1429
41.0668 1430
41.0927 1431
41.1186 1432
41.1445 1433
41.1704 1434
41.1963 1435
41.2222 1436
41.2481 1437
41.274 1438
41.2998 1439
41.3257 1440
41.3516 1441
41.3775 1442
41.4034 1443
41.4293 1444
41.4552 1445
41.4811 1446
41.507 1447
41.5329 1448
41.5588 1449
41.5847 1450
41.6106 1451
41.6365 1452
41.6624 1453
41.6882 1454
41.7141 1455
41.74 1456
41.7659 1457
41.7918 1458
41.8177 1459
41.8436 1460
41.8695 1461
41.8954 1462
41.9213 1463
41.9472 1464
41.9731 1465
41.999 1466
42.0249 1467
42.0508 1468
42.0766 1469
42.1025 1470
42.1284 1471
42.1543 1472
42.1802 1473
42.2061 1474
42.232 1475
42.2579 1476
42.2838 1477
42.3097 1478
42.3356 1479
42.3615 1480
42.3874 1481
42.4133 1482
42.4392 1483
42.465 1484
42.4909 1485
42.5168 1486
42.5427 1487
42.5686 1488
42.5945 1489
42.6204 1490
42.6463 1491
42.6722 1492
42.6981 1493
42.724 1494
42.7499 1495
42.7758 1496
42.8017 1497
42.8276 1498
42.8534 1499
42.8793 1500
42.9052 1501
42.9311 1502
42.957 1503
42.9829 1504
43.0088 1505
43.0347 1506
43.0606 1507
43.0865 1508
43.1124 1509
43.1383 1510
43.1642 1511
43.1901 1512
43.216 1513
43.2418 1514
43.2677 1515
43.2936 1516
43.3195 1517
43.3454 1518
43.3713 1519
43.3972 1520
43.4231 1521
43.449 1522
43.4749 1523
43.5008 1524
43.5267 1525
43.5526 1526
43.5785 1527
43.6044 1528
43.6302 1529
43.6561 1530
43.682 1531
43.7079 1532
43.7338 1533
43.7597 1534
43.7856 1535
43.8115 1536
43.8374 1537
43.8633 1538
43.8892 1539
43.9151 1540
43.941 1541
43.9669 1542
43.9927 1543
44.0186 1544
44.0445 1545
44.0704 1546
44.0963 1547
44.1222 1548
44.1481 1549
44.174 1550
44.1999 1551
44.2258 1552
44.2517 1553
44.2776 1554
44.3035 1555
44.3294 1556
44.3553 1557
44.3811 1558
44.407 1559
44.4329 1560
44.4588 1561
44.4847 1562
44.5106 1563
44.5365 1564
44.5624 1565
44.5883 1566
44.6142 1567
44.6401 1568
44.666 1569
44.6919 1570
44.7178 1571
44.7437 1572
44.7695 1573
44.7954 1574
44.8213 1575
44.8472 1576
44.8731 1577
44.899 1578
44.9249 1579
44.9508 1580
44.9767 1581
45.0026 1582
45.0285 1583
45.0544 1584
45.0803 1585
45.1062 1586
45.1321 1587
45.1579 1588
45.1838 1589
45.2097 1590
45.2356 1591
45.2615 1592
45.2874 1593
45.3133 1594
45.3392 1595
45.3651 1596
45.391 1597
45.4169 1598
45.4428 1599
45.4687 1600
45.4946 1601
45.5205 1602
45.5463 1603
45.5722 1604
45.5981 1605
45.624 1606
45.6499 1607
45.6758 1608
45.7017 1609
45.7276 1610
45.7535 1611
45.7794 1612
45.8053 1613
45.8312 1614
45.8571 1615
45.883 1616
45.9089 1617
45.9347 1618
45.9606 1619
45.9865 1620
46.0124 1621
46.0383 1622
46.0642 1623
46.0901 1624
46.116 1625
46.1419 1626
46.1678 1627
46.1937 1628
46.2196 1629
46.2455 1630
46.2714 1631
46.2973 1632
46.3231 1633
46.349 1634
46.3749 1635
46.4008 1636
46.4267 1637
46.4526 1638
46.4785 1639
46.5044 1640
46.5303 1641
46.5562 1642
46.5821 1643
46.608 1644
46.6339 1645
46.6598 1646
46.6857 1647
46.7115 1648
46.7374 1649
46.7633 1650
46.7892 1651
46.8151 1652
46.841 1653
46.8669 1654
46.8928 1655
46.9187 1656
46.9446 1657
46.9705 1658
46.9964 1659
47.0223 1660
47.0482 1661
47.0741 1661
47.0999 1662
47.1258 1663
47.1517 1664
47.1776 1665
47.2035 1665
47.2294 1666
47.2553 1667
47.2812 1668
47.3071 1669
47.333 1669
47.3589 1670
47.3848 1670
47.4107 1671
47.4366 1672
47.4625 1673
47.4883 1674
47.5142 1674
47.5401 1675
47.566 1676
47.5919 1677
47.6178 1678
47.6437 1679
47.6696 1679
47.6955 1680
47.7214 1681
47.7473 1682
47.7732 1683
47.7991 1684
47.825 1684
47.8509 1685
47.8767 1686
47.9026 1687
47.9285 1688
47.9544 1689
47.9803 1689
48.0062 1690
48.0321 1691
48.058 1692
48.0839 1693
48.1098 1694
48.1357 1695
48.1616 1696
48.1875 1697
48.2134 1698
48.2393 1699
48.2651 1699
48.291 1700
48.3169 1700
48.3428 1701
48.3687 1701
48.3946 1702
48.4205 1702
48.4464 1703
48.4723 1703
48.4982 1704
48.5241 1704
48.55 1705
48.5759 1705
48.6018 1706
48.6277 1706
48.6535 1707
48.6794 1708
48.7053 1709
48.7312 1710
48.7571 1710
48.783 1711
48.8089 1711
48.8348 1712
48.8607 1713
48.8866 1714
48.9125 1715
48.9384 1715
48.9643 1716
48.9902 1716
49.0161 1717
49.0419 1718
49.0678 1719
49.0937 1720
49.1196 1721
49.1455 1721
49.1714 1722
49.1973 1722
49.2232 1723
49.2491 1724
49.275 1725
49.3009 1726
49.3268 1727
49.3527 1728
49.3786 1729
49.4045 1730
49.4303 1730
49.4562 1731
49.4821 1732
49.508 1733
49.5339 1734
49.5598 1734
49.5857 1735
49.6116 1735
49.6375 1736
49.6634 1737
49.6893 1738
49.7152 1739
49.7411 1739
49.767 1740
49.7929 1740
49.8187 1741
49.8446 1742
49.8705 1743
49.8964 1744
49.9223 1745
49.9482 1745
49.9741 1746
50 1746
50.0259 1747
50.0518 1748
50.0777 1749
50.1036 1750
50.1295 1750
50.1554 1751
50.1813 1751
50.2071 1752
50.233 1753
50.2589 1754
50.2848 1755
50.3107 1756
50.3366 1756
50.3625 1757
50.3884 1757
50.4143 1758
50.4402 1758
50.4661 1759
50.492 1759
50.5179 1760
50.5438 1761
50.5697 1762
50.5955 1763
50.6214 1764
50.6473 1765
50.6732 1766
50.6991 1767
50.725 1768
50.7509 1768
50.7768 1769
50.8027 1770
50.8286 1771
50.8545 1772
50.8804 1773
50.9063 1773
50.9322 1774
50.9581 1775
50.9839 1776
51.0098 1777
51.0357 1778
51.0616 1778
51.0875 1779
51.1134 1779
51.1393 1780
51.1652 1781
51.1911 1782
51.217 1783
51.2429 1784
51.2688 1784
51.2947 1785
51.3206 1785
51.3465 1786
51.3723 1786
51.3982 1787
51.4241 1787
51.45 1788
51.4759 1789
51.5018 1790
51.5277 1791
51.5536 1792
51.5795 1792
51.6054 1793
51.6313 1793
51.6572 1794
51.6831 1795
51.709 1796
51.7349 1797
51.7607 1797
51.7866 1798
51.8125 1798
51.8384 1799
51.8643 1799
51.8902 1800
51.9161 1800
51.942 1801
51.9679 1802
51.9938 1803
52.0197 1804
52.0456 1804
52.0715 1805
52.0974 1805
52.1233 1806
52.1491 1807
52.175 1808
52.2009 1809
52.2268 1809
52.2527 1810
52.2786 1810
52.3045 1811
52.3304 1812
52.3563 1813
52.3822 1814
52.4081 1815
52.434 1815
52.4599 1816
52.4858 1817
52.5117 1818
52.5375 1819
52.5634 1819
52.5893 1820
52.6152 1820
52.6411 1821
52.667 1822
52.6929 1822
52.7188 1823
52.7447 1824
52.7706 1824
52.7965 1825
52.8224 1826
52.8483 1827
52.8742 1828
52.9001 1829
52.9259 1830
52.9518 1831
52.9777 1832
53.0036 1833
53.0295 1833
53.0554 1834
53.0813 1834
53.1072 1835
53.1331 1835
53.159 1836
53.1849 1836
53.2108 1837
53.2367 1838
53.2626 1839
53.2885 1840
53.3143 1841
53.3402 1842
53.3661 1843
53.392 1844
53.4179 1844
53.4438 1845
53.4697 1845
53.4956 1846
53.5215 1846
53.5474 1847
53.5733 1847
53.5992 1848
53.6251 1849
53.651 1850
53.6769 1851
53.7027 1852
53.7286 1853
53.7545 1854
53.7804 1855
53.8063 1856
53.8322 1857
53.8581 1858
53.884 1859
53.9099 1860
53.9358 1861
53.9617 1862
53.9876 1863
54.0135 1864
54.0394 1865
54.0653 1866
54.0911 1867
54.117 1868
54.1429 1869
54.1688 1870
54.1947 1871
54.2206 1872
54.2465 1873
54.2724 1874
54.2983 1875
54.3242 1876
54.3501 1877
54.376 1878
54.4019 1879
54.4278 1880
54.4537 1881
54.4795 1882
54.5054 1883
54.5313 1884
54.5572 1885
54.5831 1886
54.609 1887
54.6349 1888
54.6608 1889
54.6867 1890
54.7126 1891
54.7385 1892
54.7644 1893
54.7903 1894
54.8162 1894
54.8421 1895
54.8679 1895
54.8938 1896
54.9197 1896
54.9456 1897
54.9715 1897
54.9974 1898
55.0233 1899
55.0492 1900
55.0751 1901
55.101 1902
55.1269 1902
55.1528 1903
55.1787 1903
55.2046 1904
55.2305 1904
55.2563 1905
55.2822 1906
55.3081 1907
55.334 1908
55.3599 1909
55.3858 1910
55.4117 1911
55.4376 1912
55.4635 1913
55.4894 1914
55.5153 1915
55.5412 1916
55.5671 1917
55.593 1917
55.6189 1918
55.6447 1918
55.6706 1919
55.6965 1919
55.7224 1920
55.7483 1920
55.7742 1921
55.8001 1922
55.826 1922
55.8519 1923
55.8778 1924
55.9037 1925
55.9296 1926
55.9555 1926
55.9814 1927
56.0073 1927
56.0331 1928
56.059 1928
56.0849 1929
56.1108 1929
56.1367 1930
56.1626 1930
56.1885 1931
56.2144 1931
56.2403 1932
56.2662 1932
56.2921 1933
56.318 1933
56.3439 1934
56.3698 1935
56.3956 1936
56.4215 1937
56.4474 1938
56.4733 1939
56.4992 1940
56.5251 1941
56.551 1942
56.5769 1943
56.6028 1944
56.6287 1945
56.6546 1945
56.6805 1946
56.7064 1946
56.7323 1947
56.7582 1947
56.784 1948
56.8099 1948
56.8358 1949
56.8617 1950
56.8876 1951
56.9135 1952
56.9394 1952
56.9653 1953
56.9912 1953
57.0171 1954
57.043 1954
57.0689 1955
57.0948 1955
57.1207 1956
57.1466 1957
57.1724 1958
57.1983 1959
57.2242 1960
57.2501 1961
57.276 1961
57.3019 1962
57.3278 1962
57.3537 1963
57.3796 1963
57.4055 1964
57.4314 1964
57.4573 1965
57.4832 1965
57.5091 1966
57.535 1966
57.5608 1967
57.5867 1967
57.6126 1968
57.6385 1968
57.6644 1969
57.6903 1970
57.7162 1971
57.7421 1972
57.768 1973
57.7939 1974
57.8198 1975
57.8457 1975
57.8716 1976
57.8975 1976
57.9234 1977
57.9492 1977
57.9751 1978
58.001 1978
58.0269 1979
58.0528 1980
58.0787 1981
58.1046 1982
58.1305 1983
58.1564 1984
58.1823 1985
58.2082 1985
58.2341 1986
58.26 1986
58.2859 1987
58.3118 1987
58.3376 1988
58.3635 1988
58.3894 1989
58.4153 1990
58.4412 1991
58.4671 1992
58.493 1993
58.5189 1994
58.5448 1995
58.5707 1996
58.5966 1997
58.6225 1998
58.6484 1999
58.6743 1999
58.7002 2000
58.726 2000
58.7519 2001
58.7778 2001
58.8037 2002
58.8296 2002
58.8555 2003
58.8814 2004
58.9073 2005
58.9332 2006
58.9591 2007
58.985 2007
59.0109 2008
59.0368 2008
59.0627 2009
59.0886 2009
59.1144 2010
59.1403 2010
59.1662 2011
59.1921 2011
59.218 2012
59.2439 2012
59.2698 2013
59.2957 2013
59.3216 2014
59.3475 2014
59.3734 2015
59.3993 2016
59.4252 2017
59.4511 2018
59.477 2018
59.5028 2019
59.5287 2019
59.5546 2020
59.5805 2020
59.6064 2021
59.6323 2021
59.6582 2022
59.6841 2023
59.71 2024
59.7359 2025
59.7618 2025
59.7877 2026
59.8136 2027
59.8395 2028
59.8654 2029
59.8912 2029
59.9171 2030
59.943 2030
59.9689 2031
59.9948 2032
60.0207 2033
60.0466 2034
60.0725 2035
60.0984 2035
60.1243 2036
60.1502 2036
60.1761 2037
60.202 2038
60.2279 2039
60.2538 2040
60.2796 2040
60.3055 2041
60.3314 2041
60.3573 2042
60.3832 2043
60.4091 2044
60.435 2045
60.4609 2045
60.4868 2046
60.5127 2046
60.5386 2047
60.5645 2048
