0.0259403 2
0.0518807 2
0.077821 3
0.103761 4
0.129702 5
0.155642 6
0.181582 7
0.207523 7
0.233463 8
0.259403 9
0.285344 10
0.311284 11
0.337224 12
0.363165 13
0.389105 14
0.415045 15
0.440986 16
0.466926 17
0.492866 18
0.518807 19
0.544747 20
0.570687 21
0.596628 22
0.622568 23
0.648508 24
0.674449 25
0.700389 26
0.726329 27
0.75227 28
0.77821 29
0.80415 30
0.830091 31
0.856031 32
0.881971 33
0.907912 34
0.933852 35
0.959792 36
0.985733 37
1.01167 38
1.03761 39
1.06355 40
1.08949 41
1.11543 42
1.14137 43
1.16732 44
1.19326 45
1.2192 46
1.24514 47
1.27108 48
1.29702 49
1.32296 50
1.3489 51
1.37484 52
1.40078 53
1.42672 54
1.45266 55
1.4786 56
1.50454 57
1.53048 58
1.55642 59
1.58236 60
1.6083 61
1.63424 62
1.66018 63
1.68612 64
1.71206 65
1.738 66
1.76394 67
1.78988 68
1.81582 69
1.84176 70
1.8677 71
1.89364 72
1.91958 73
1.94553 74
1.97147 75
1.99741 76
2.02335 77
2.04929 78
2.07523 79
2.10117 80
2.12711 81
2.15305 82
2.17899 83
2.20493 84
2.23087 85
2.25681 86
2.28275 87
2.30869 88
2.33463 89
2.36057 90
2.38651 91
2.41245 92
2.43839 93
2.46433 94
2.49027 95
2.51621 96
2.54215 97
2.56809 98
2.59403 99
2.61997 100
2.64591 101
2.67185 102
2.6978 103
2.72374 104
2.74968 105
2.77562 106
2.80156 107
2.8275 108
2.85344 109
2.87938 110
2.90532 111
2.93126 112
2.9572 113
2.98314 113
3.00908 114
3.03502 115
3.06096 116
3.0869 117
3.11284 118
3.13878 119
3.16472 120
3.19066 121
3.2166 122
3.24254 123
3.26848 124
3.29442 125
3.32036 126
3.3463 126
3.37224 127
3.39818 128
3.42412 129
3.45006 130
3.47601 130
3.50195 131
3.52789 132
3.55383 133
3.57977 134
3.60571 135
3.63165 136
3.65759 136
3.68353 137
3.70947 138
3.73541 139
3.76135 140
3.78729 140
3.81323 141
3.83917 142
3.86511 143
3.89105 144
3.91699 145
3.94293 146
3.96887 146
3.99481 147
4.02075 148
4.04669 149
4.07263 150
4.09857 150
4.12451 151
4.15045 152
4.17639 153
4.20233 154
4.22827 155
4.25422 156
4.28016 156
4.3061 157
4.33204 158
4.35798 159
4.38392 160
4.40986 161
4.4358 162
4.46174 163
4.48768 164
4.51362 165
4.53956 166
4.5655 167
4.59144 168
4.61738 169
4.64332 169
4.66926 170
4.6952 171
4.72114 172
4.74708 173
4.77302 174
4.79896 175
4.8249 176
4.85084 177
4.87678 178
4.90272 179
4.92866 179
4.9546 180
4.98054 181
5.00649 182
5.03243 182
5.05837 183
5.08431 183
5.11025 184
5.13619 184
5.16213 185
5.18807 186
5.21401 187
5.23995 188
5.26589 188
5.29183 189
5.31777 190
5.34371 191
5.36965 191
5.39559 192
5.42153 192
5.44747 193
5.47341 193
5.49935 194
5.52529 194
5.55123 195
5.57717 195
5.60311 196
5.62905 197
5.65499 197
5.68093 198
5.70687 198
5.73281 199
5.75875 199
5.7847 200
5.81064 200
5.83658 201
5.86252 201
5.88846 202
5.9144 202
5.94034 203
5.96628 203
5.99222 204
6.01816 204
6.0441 205
6.07004 206
6.09598 206
6.12192 207
6.14786 207
6.1738 208
6.19974 208
6.22568 209
6.25162 210
6.27756 211
6.3035 212
6.32944 213
6.35538 214
6.38132 215
6.40726 216
6.4332 217
6.45914 218
6.48508 219
6.51102 220
6.53696 221
6.56291 221
6.58885 222
6.61479 223
6.64073 224
6.66667 225
6.69261 226
6.71855 227
6.74449 228
6.77043 229
6.79637 230
6.82231 230
6.84825 231
6.87419 232
6.90013 233
6.92607 234
6.95201 235
6.97795 236
7.00389 237
7.02983 238
7.05577 239
7.08171 240
7.10765 241
7.13359 242
7.15953 243
7.18547 244
7.21141 245
7.23735 246
7.26329 247
7.28923 248
7.31518 249
7.34112 250
7.36706 251
7.393 252
7.41894 253
7.44488 254
7.47082 255
7.49676 256
7.5227 257
7.54864 258
7.57458 259
7.60052 260
7.62646 261
7.6524 262
7.67834 263
7.70428 264
7.73022 265
7.75616 266
7.7821 267
7.80804 268
7.83398 269
7.85992 270
7.88586 271
7.9118 272
7.93774 273
7.96368 274
7.98962 275
8.01556 276
8.0415 277
8.06744 278
8.09339 279
8.11933 280
8.14527 281
8.17121 282
8.19715 283
8.22309 284
8.24903 285
8.27497 286
8.30091 287
8.32685 288
8.35279 289
8.37873 290
8.40467 291
8.43061 292
8.45655 293
8.48249 294
8.50843 295
8.53437 296
8.56031 297
8.58625 297
8.61219 298
8.63813 299
8.66407 299
8.69001 300
8.71595 300
8.74189 301
8.76783 301
8.79377 302
8.81971 302
8.84565 303
8.8716 303
8.89754 304
8.92348 304
8.94942 305
8.97536 305
9.0013 306
9.02724 306
9.05318 307
9.07912 307
9.10506 308
9.131 308
9.15694 309
9.18288 309
9.20882 310
9.23476 310
9.2607 311
9.28664 312
9.31258 312
9.33852 313
9.36446 313
9.3904 314
9.41634 314
9.44228 315
9.46822 315
9.49416 316
9.5201 316
9.54604 317
9.57198 317
9.59792 318
9.62387 318
9.64981 319
9.67575 319
9.70169 320
9.72763 320
9.75357 321
9.77951 321
9.80545 322
9.83139 322
9.85733 323
9.88327 324
9.90921 325
9.93515 326
9.96109 327
9.98703 328
10.013 329
10.0389 330
10.0649 331
10.0908 332
10.1167 333
10.1427 334
10.1686 335
10.1946 336
10.2205 337
10.2464 338
10.2724 339
10.2983 340
10.3243 340
10.3502 341
10.3761 341
10.4021 342
10.428 343
10.454 344
10.4799 345
10.5058 346
10.5318 347
10.5577 348
10.5837 349
10.6096 350
10.6355 351
10.6615 351
10.6874 352
10.7134 353
10.7393 354
10.7652 355
10.7912 356
10.8171 357
10.8431 358
10.869 359
10.8949 359
10.9209 360
10.9468 360
10.9728 361
10.9987 362
11.0246 363
11.0506 364
11.0765 364
11.1025 365
11.1284 366
11.1543 367
11.1803 368
11.2062 369
11.2322 370
11.2581 371
11.284 372
11.31 373
11.3359 374
11.3619 375
11.3878 376
11.4137 377
11.4397 378
11.4656 379
11.4916 380
11.5175 381
11.5435 382
11.5694 383
11.5953 384
11.6213 385
11.6472 386
11.6732 387
11.6991 388
11.725 389
11.751 390
11.7769 391
11.8029 392
11.8288 393
11.8547 394
11.8807 395
11.9066 396
11.9326 397
11.9585 398
11.9844 399
12.0104 400
12.0363 401
12.0623 402
12.0882 403
12.1141 404
12.1401 405
12.166 406
12.192 407
12.2179 408
12.2438 409
12.2698 410
12.2957 411
12.3217 412
12.3476 413
12.3735 414
12.3995 415
12.4254 416
12.4514 417
12.4773 418
12.5032 419
12.5292 420
12.5551 421
12.5811 422
12.607 423
12.6329 424
12.6589 425
12.6848 426
12.7108 427
12.7367 428
12.7626 429
12.7886 430
12.8145 431
12.8405 432
12.8664 433
12.8923 434
12.9183 435
12.9442 436
12.9702 437
12.9961 438
13.022 439
13.048 440
13.0739 441
13.0999 442
13.1258 443
13.1518 444
13.1777 445
13.2036 446
13.2296 447
13.2555 448
13.2815 449
13.3074 450
13.3333 451
13.3593 452
13.3852 453
13.4112 454
13.4371 455
13.463 456
13.489 457
13.5149 458
13.5409 459
13.5668 460
13.5927 461
13.6187 462
13.6446 463
13.6706 464
13.6965 465
13.7224 466
13.7484 467
13.7743 468
13.8003 469
13.8262 470
13.8521 471
13.8781 472
13.904 473
13.93 474
13.9559 475
13.9818 476
14.0078 477
14.0337 478
14.0597 479
14.0856 480
14.1115 481
14.1375 482
14.1634 483
14.1894 483
14.2153 484
14.2412 485
14.2672 486
14.2931 487
14.3191 488
14.345 489
14.3709 490
14.3969 491
14.4228 492
14.4488 493
14.4747 494
14.5006 495
14.5266 496
14.5525 497
14.5785 498
14.6044 499
14.6304 500
14.6563 501
14.6822 502
14.7082 503
14.7341 504
14.7601 505
14.786 506
14.8119 507
14.8379 508
14.8638 509
14.8898 510
14.9157 511
14.9416 512
14.9676 513
14.9935 514
15.0195 515
15.0454 516
15.0713 517
15.0973 518
15.1232 519
15.1492 520
15.1751 521
15.201 522
15.227 522
15.2529 523
15.2789 524
15.3048 525
15.3307 526
15.3567 527
15.3826 528
15.4086 529
15.4345 530
15.4604 531
15.4864 532
15.5123 533
15.5383 534
15.5642 535
15.5901 536
15.6161 536
15.642 537
15.668 538
15.6939 539
15.7198 540
15.7458 541
15.7717 542
15.7977 543
15.8236 544
15.8495 545
15.8755 546
15.9014 546
15.9274 547
15.9533 548
15.9792 549
16.0052 550
16.0311 551
16.0571 552
16.083 553
16.1089 554
16.1349 555
16.1608 555
16.1868 556
16.2127 557
16.2387 558
16.2646 559
16.2905 560
16.3165 561
16.3424 562
16.3684 563
16.3943 564
16.4202 565
16.4462 566
16.4721 567
16.4981 568
16.524 569
16.5499 570
16.5759 571
16.6018 572
16.6278 573
16.6537 574
16.6796 575
16.7056 576
16.7315 577
16.7575 578
16.7834 579
16.8093 580
16.8353 581
16.8612 582
16.8872 583
16.9131 584
16.939 585
16.965 586
16.9909 587
17.0169 588
17.0428 589
17.0687 590
17.0947 591
17.1206 592
17.1466 593
17.1725 594
17.1984 595
17.2244 596
17.2503 597
17.2763 598
17.3022 599
17.3281 600
17.3541 601
17.38 602
17.406 603
17.4319 604
17.4578 605
17.4838 606
17.5097 607
17.5357 608
17.5616 609
17.5875 610
17.6135 610
17.6394 611
17.6654 611
17.6913 612
17.7173 613
17.7432 614
17.7691 615
17.7951 616
17.821 617
17.847 618
17.8729 619
17.8988 620
17.9248 621
17.9507 622
17.9767 622
18.0026 623
18.0285 624
18.0545 625
18.0804 626
18.1064 626
18.1323 627
18.1582 628
18.1842 629
18.2101 630
18.2361 630
18.262 631
18.2879 632
18.3139 633
18.3398 633
18.3658 634
18.3917 634
18.4176 635
18.4436 636
18.4695 637
18.4955 638
18.5214 639
18.5473 640
18.5733 641
18.5992 641
18.6252 642
18.6511 643
18.677 644
18.703 645
18.7289 646
18.7549 647
18.7808 648
18.8067 649
18.8327 650
18.8586 651
18.8846 652
18.9105 653
18.9364 654
18.9624 655
18.9883 656
19.0143 657
19.0402 658
19.0661 659
19.0921 660
19.118 660
19.144 661
19.1699 662
19.1958 663
19.2218 663
19.2477 664
19.2737 664
19.2996 665
19.3256 666
19.3515 667
19.3774 667
19.4034 668
19.4293 668
19.4553 669
19.4812 669
19.5071 670
19.5331 671
19.559 671
19.585 672
19.6109 672
19.6368 673
19.6628 673
19.6887 674
19.7147 675
19.7406 675
19.7665 676
19.7925 676
19.8184 677
19.8444 677
19.8703 678
19.8962 679
19.9222 679
19.9481 680
19.9741 680
20 681
20.0259 681
20.0519 682
20.0778 683
20.1038 683
20.1297 684
20.1556 684
20.1816 685
20.2075 685
20.2335 686
20.2594 686
20.2853 687
20.3113 688
20.3372 688
20.3632 689
20.3891 689
20.415 690
20.441 690
20.4669 691
20.4929 692
20.5188 692
20.5447 693
20.5707 693
20.5966 694
20.6226 694
20.6485 695
20.6744 696
20.7004 696
20.7263 697
20.7523 698
20.7782 698
20.8042 699
20.8301 699
20.856 700
20.882 700
20.9079 700
20.9339 701
20.9598 702
20.9857 703
21.0117 703
21.0376 704
21.0636 704
21.0895 705
21.1154 705
21.1414 706
21.1673 707
21.1933 707
21.2192 708
21.2451 708
21.2711 709
21.297 710
21.323 711
21.3489 711
21.3748 712
21.4008 712
21.4267 713
21.4527 714
21.4786 715
21.5045 716
21.5305 716
21.5564 717
21.5824 717
21.6083 718
21.6342 719
21.6602 720
21.6861 721
21.7121 721
21.738 722
21.7639 723
21.7899 723
21.8158 724
21.8418 724
21.8677 725
21.8936 725
21.9196 726
21.9455 726
21.9715 727
21.9974 727
22.0233 728
22.0493 729
22.0752 729
22.1012 730
22.1271 730
22.153 731
22.179 731
22.2049 732
22.2309 733
22.2568 734
22.2827 734
22.3087 735
22.3346 735
22.3606 736
22.3865 737
22.4125 738
22.4384 739
22.4643 739
22.4903 740
22.5162 740
22.5422 741
22.5681 742
22.594 742
22.62 743
22.6459 743
22.6719 744
22.6978 745
22.7237 746
22.7497 747
22.7756 748
22.8016 749
22.8275 750
22.8534 751
22.8794 752
22.9053 753
22.9313 754
22.9572 755
22.9831 756
23.0091 757
23.035 758
23.061 759
23.0869 760
23.1128 761
23.1388 762
23.1647 763
23.1907 764
23.2166 765
23.2425 766
23.2685 767
23.2944 768
23.3204 769
23.3463 769
23.3722 770
23.3982 771
23.4241 772
23.4501 773
23.476 774
23.5019 775
23.5279 776
23.5538 777
23.5798 778
23.6057 779
23.6316 780
23.6576 781
23.6835 782
23.7095 783
23.7354 784
23.7613 785
23.7873 786
23.8132 787
23.8392 788
23.8651 789
23.8911 790
23.917 791
23.9429 792
23.9689 793
23.9948 794
24.0208 795
24.0467 796
24.0726 797
24.0986 798
24.1245 799
24.1505 800
24.1764 801
24.2023 802
24.2283 803
24.2542 804
24.2802 805
24.3061 806
24.332 807
24.358 808
24.3839 809
24.4099 810
24.4358 811
24.4617 812
24.4877 813
24.5136 814
24.5396 815
24.5655 816
24.5914 816
24.6174 817
24.6433 818
24.6693 819
24.6952 820
24.7211 821
24.7471 822
24.773 823
24.799 824
24.8249 825
24.8508 826
24.8768 827
24.9027 828
24.9287 829
24.9546 830
24.9805 831
25.0065 832
25.0324 833
25.0584 834
25.0843 835
25.1102 836
25.1362 837
25.1621 838
25.1881 839
25.214 840
25.2399 841
25.2659 842
25.2918 843
25.3178 844
25.3437 845
25.3696 846
25.3956 847
25.4215 848
25.4475 849
25.4734 850
25.4994 851
25.5253 852
25.5512 853
25.5772 854
25.6031 855
25.6291 856
25.655 857
25.6809 858
25.7069 859
25.7328 860
25.7588 861
25.7847 862
25.8106 863
25.8366 864
25.8625 865
25.8885 866
25.9144 867
25.9403 868
25.9663 869
25.9922 870
26.0182 871
26.0441 872
26.07 873
26.096 873
26.1219 874
26.1479 874
26.1738 875
26.1997 876
26.2257 877
26.2516 878
26.2776 879
26.3035 880
26.3294 881
26.3554 882
26.3813 883
26.4073 884
26.4332 885
26.4591 886
26.4851 887
26.511 888
26.537 889
26.5629 890
26.5888 891
26.6148 892
26.6407 893
26.6667 894
26.6926 895
26.7185 896
26.7445 897
26.7704 898
26.7964 899
26.8223 900
26.8482 901
26.8742 902
26.9001 903
26.9261 904
26.952 905
26.978 906
27.0039 907
27.0298 908
27.0558 909
27.0817 910
27.1077 911
27.1336 912
27.1595 913
27.1855 914
27.2114 915
27.2374 916
27.2633 917
27.2892 918
27.3152 919
27.3411 920
27.3671 921
27.393 922
27.4189 923
27.4449 924
27.4708 925
27.4968 926
27.5227 927
27.5486 928
27.5746 929
27.6005 930
27.6265 931
27.6524 932
27.6783 933
27.7043 934
27.7302 935
27.7562 936
27.7821 937
27.808 938
27.834 939
27.8599 940
27.8859 941
27.9118 942
27.9377 943
27.9637 944
27.9896 945
28.0156 946
28.0415 947
28.0674 948
28.0934 949
28.1193 950
28.1453 951
28.1712 952
28.1971 953
28.2231 954
28.249 955
28.275 956
28.3009 957
28.3268 958
28.3528 959
28.3787 960
28.4047 961
28.4306 962
28.4565 963
28.4825 964
28.5084 965
28.5344 966
28.5603 967
28.5863 968
28.6122 969
28.6381 970
28.6641 971
28.69 972
28.716 973
28.7419 974
28.7678 975
28.7938 976
28.8197 977
28.8457 978
28.8716 979
28.8975 980
28.9235 981
28.9494 982
28.9754 983
29.0013 984
29.0272 985
29.0532 986
29.0791 987
29.1051 988
29.131 989
29.1569 990
29.1829 991
29.2088 992
29.2348 993
29.2607 994
29.2866 995
29.3126 996
29.3385 997
29.3645 998
29.3904 999
29.4163 1000
29.4423 1001
29.4682 1002
29.4942 1003
29.5201 1004
29.546 1005
29.572 1006
29.5979 1007
29.6239 1008
29.6498 1009
29.6757 1010
29.7017 1011
29.7276 1012
29.7536 1013
29.7795 1014
29.8054 1015
29.8314 1016
29.8573 1017
29.8833 1018
29.9092 1019
29.9351 1020
29.9611 1021
29.987 1022
30.013 1023
30.0389 1024
30.0649 1025
30.0908 1026
30.1167 1027
30.1427 1028
30.1686 1029
30.1946 1030
30.2205 1031
30.2464 1032
30.2724 1033
30.2983 1034
30.3243 1035
30.3502 1036
30.3761 1037
30.4021 1038
30.428 1039
30.454 1040
30.4799 1041
30.5058 1042
30.5318 1043
30.5577 1044
30.5837 1045
30.6096 1046
30.6355 1047
30.6615 1048
30.6874 1049
30.7134 1050
30.7393 1051
30.7652 1052
30.7912 1053
30.8171 1054
30.8431 1055
30.869 1056
30.8949 1057
30.9209 1058
30.9468 1059
30.9728 1060
30.9987 1060
31.0246 1061
31.0506 1061
31.0765 1062
31.1025 1062
31.1284 1063
31.1543 1064
31.1803 1065
31.2062 1066
31.2322 1067
31.2581 1068
31.284 1069
31.31 1070
31.3359 1071
31.3619 1072
31.3878 1073
31.4137 1074
31.4397 1075
31.4656 1076
31.4916 1077
31.5175 1078
31.5435 1079
31.5694 1080
31.5953 1081
31.6213 1082
31.6472 1083
31.6732 1084
31.6991 1085
31.725 1086
31.751 1087
31.7769 1088
31.8029 1089
31.8288 1090
31.8547 1091
31.8807 1092
31.9066 1093
31.9326 1094
31.9585 1095
31.9844 1096
32.0104 1097
32.0363 1098
32.0623 1099
32.0882 1100
32.1141 1101
32.1401 1102
32.166 1103
32.192 1104
32.2179 1105
32.2438 1106
32.2698 1107
32.2957 1108
32.3217 1109
32.3476 1110
32.3735 1111
32.3995 1112
32.4254 1113
32.4514 1114
32.4773 1115
32.5032 1116
32.5292 1117
32.5551 1118
32.5811 1119
32.607 1120
32.6329 1121
32.6589 1122
32.6848 1123
32.7108 1124
32.7367 1125
32.7626 1126
32.7886 1127
32.8145 1128
32.8405 1129
32.8664 1130
32.8923 1131
32.9183 1132
32.9442 1133
32.9702 1134
32.9961 1135
33.022 1136
33.048 1137
33.0739 1138
33.0999 1139
33.1258 1140
33.1518 1141
33.1777 1142
33.2036 1143
33.2296 1144
33.2555 1145
33.2815 1146
33.3074 1147
33.3333 1148
33.3593 1149
33.3852 1150
33.4112 1151
33.4371 1152
33.463 1153
33.489 1154
33.5149 1155
33.5409 1156
33.5668 1157
33.5927 1158
33.6187 1159
33.6446 1160
33.6706 1161
33.6965 1162
33.7224 1163
33.7484 1164
33.7743 1165
33.8003 1166
33.8262 1167
33.8521 1168
33.8781 1169
33.904 1170
33.93 1171
33.9559 1172
33.9818 1173
34.0078 1174
34.0337 1175
34.0597 1176
34.0856 1177
34.1115 1178
34.1375 1179
34.1634 1180
34.1894 1181
34.2153 1182
34.2412 1183
34.2672 1184
34.2931 1185
34.3191 1186
34.345 1187
34.3709 1188
34.3969 1189
34.4228 1190
34.4488 1191
34.4747 1192
34.5006 1193
34.5266 1194
34.5525 1195
34.5785 1196
34.6044 1197
34.6304 1198
34.6563 1199
34.6822 1200
34.7082 1201
34.7341 1202
34.7601 1203
34.786 1204
34.8119 1205
34.8379 1206
34.8638 1207
34.8898 1208
34.9157 1209
34.9416 1210
34.9676 1211
34.9935 1212
35.0195 1213
35.0454 1214
35.0713 1215
35.0973 1216
35.1232 1217
35.1492 1218
35.1751 1219
35.201 1220
35.227 1221
35.2529 1222
35.2789 1223
35.3048 1224
35.3307 1225
35.3567 1226
35.3826 1227
35.4086 1228
35.4345 1229
35.4604 1230
35.4864 1231
35.5123 1232
35.5383 1233
35.5642 1234
35.5901 1235
35.6161 1236
35.642 1237
35.668 1238
35.6939 1239
35.7198 1240
35.7458 1241
35.7717 1242
35.7977 1243
35.8236 1244
35.8495 1245
35.8755 1246
35.9014 1247
35.9274 1248
35.9533 1249
35.9792 1250
36.0052 1251
36.0311 1252
36.0571 1253
36.083 1254
36.1089 1255
36.1349 1256
36.1608 1257
36.1868 1258
36.2127 1259
36.2387 1260
36.2646 1261
36.2905 1262
36.3165 1263
36.3424 1264
36.3684 1265
36.3943 1266
36.4202 1267
36.4462 1268
36.4721 1269
36.4981 1270
36.524 1271
36.5499 1272
36.5759 1273
36.6018 1274
36.6278 1275
36.6537 1276
36.6796 1277
36.7056 1278
36.7315 1279
36.7575 1280
36.7834 1281
36.8093 1282
36.8353 1283
36.8612 1284
36.8872 1285
36.9131 1286
36.939 1287
36.965 1288
36.9909 1289
37.0169 1290
37.0428 1291
37.0687 1292
37.0947 1293
37.1206 1294
37.1466 1295
37.1725 1296
37.1984 1297
37.2244 1298
37.2503 1299
37.2763 1300
37.3022 1301
37.3281 1302
37.3541 1303
37.38 1304
37.406 1305
37.4319 1306
37.4578 1307
37.4838 1308
37.5097 1308
37.5357 1309
37.5616 1309
37.5875 1310
37.6135 1311
37.6394 1311
37.6654 1312
37.6913 1312
37.7173 1313
37.7432 1313
37.7691 1314
37.7951 1314
37.821 1315
37.847 1315
37.8729 1316
37.8988 1316
37.9248 1317
37.9507 1318
37.9767 1319
38.0026 1320
38.0285 1321
38.0545 1322
38.0804 1323
38.1064 1324
38.1323 1325
38.1582 1326
38.1842 1327
38.2101 1328
38.2361 1329
38.262 1330
38.2879 1331
38.3139 1332
38.3398 1333
38.3658 1334
38.3917 1335
38.4176 1336
38.4436 1337
38.4695 1338
38.4955 1339
38.5214 1340
38.5473 1341
38.5733 1342
38.5992 1343
38.6252 1344
38.6511 1345
38.677 1346
38.703 1347
38.7289 1348
38.7549 1348
38.7808 1349
38.8067 1349
38.8327 1350
38.8586 1350
38.8846 1351
38.9105 1351
38.9364 1352
38.9624 1353
38.9883 1354
39.0143 1355
39.0402 1356
39.0661 1357
39.0921 1358
39.118 1359
39.144 1360
39.1699 1361
39.1958 1362
39.2218 1363
39.2477 1364
39.2737 1365
39.2996 1366
39.3256 1367
39.3515 1368
39.3774 1369
39.4034 1370
39.4293 1371
39.4553 1372
39.4812 1373
39.5071 1374
39.5331 1375
39.559 1376
39.585 1377
39.6109 1378
39.6368 1379
39.6628 1380
39.6887 1381
39.7147 1382
39.7406 1383
39.7665 1384
39.7925 1385
39.8184 1386
39.8444 1387
39.8703 1388
39.8962 1389
39.9222 1390
39.9481 1391
39.9741 1392
40 1393
40.0259 1394
40.0519 1395
40.0778 1396
40.1038 1397
40.1297 1398
40.1556 1399
40.1816 1400
40.2075 1401
40.2335 1402
40.2594 1403
40.2853 1404
40.3113 1405
40.3372 1406
40.3632 1407
40.3891 1408
40.415 1409
40.441 1410
40.4669 1411
40.4929 1412
40.5188 1413
40.5447 1414
40.5707 1415
40.5966 1416
40.6226 1417
40.6485 1418
40.6744 1419
40.7004 1420
40.7263 1421
40.7523 1422
40.7782 1423
40.8042 1424
40.8301 1425
40.856 1426
40.882 1427
40.9079 1428
40.9339 1429
40.9598 1430
40.9857 1431
41.0117 1432
41.0376 1433
41.0636 1434
41.0895 1435
41.1154 1436
41.1414 1437
41.1673 1438
41.1933 1439
41.2192 1440
41.2451 1441
41.2711 1442
41.297 1443
41.323 1444
41.3489 1445
41.3748 1446
41.4008 1447
41.4267 1448
41.4527 1449
41.4786 1450
41.5045 1451
41.5305 1452
41.5564 1453
41.5824 1454
41.6083 1455
41.6342 1456
41.6602 1457
41.6861 1458
41.7121 1459
41.738 1460
41.7639 1461
41.7899 1462
41.8158 1463
41.8418 1464
41.8677 1465
41.8936 1466
41.9196 1467
41.9455 1468
41.9715 1469
41.9974 1470
42.0233 1471
42.0493 1472
42.0752 1473
42.1012 1474
42.1271 1475
42.153 1476
42.179 1477
42.2049 1478
42.2309 1479
42.2568 1480
42.2827 1481
42.3087 1482
42.3346 1483
42.3606 1484
42.3865 1485
42.4125 1486
42.4384 1487
42.4643 1488
42.4903 1489
42.5162 1490
42.5422 1491
42.5681 1492
42.594 1493
42.62 1494
42.6459 1495
42.6719 1496
42.6978 1497
42.7237 1498
42.7497 1499
42.7756 1500
42.8016 1501
42.8275 1502
42.8534 1503
42.8794 1504
42.9053 1505
42.9313 1506
42.9572 1507
42.9831 1508
43.0091 1509
43.035 1510
43.061 1511
43.0869 1512
43.1128 1513
43.1388 1514
43.1647 1515
43.1907 1516
43.2166 1517
43.2425 1518
43.2685 1519
43.2944 1520
43.3204 1521
43.3463 1522
43.3722 1523
43.3982 1524
43.4241 1525
43.4501 1526
43.476 1527
43.5019 1528
43.5279 1529
43.5538 1530
43.5798 1531
43.6057 1532
43.6316 1533
43.6576 1534
43.6835 1535
43.7095 1536
43.7354 1537
43.7613 1538
43.7873 1539
43.8132 1540
43.8392 1541
43.8651 1542
43.8911 1543
43.917 1544
43.9429 1545
43.9689 1546
43.9948 1547
44.0208 1548
44.0467 1549
44.0726 1550
44.0986 1551
44.1245 1552
44.1505 1553
44.1764 1554
44.2023 1555
44.2283 1556
44.2542 1557
44.2802 1558
44.3061 1559
44.332 1560
44.358 1561
44.3839 1562
44.4099 1563
44.4358 1564
44.4617 1565
44.4877 1566
44.5136 1567
44.5396 1568
44.5655 1569
44.5914 1570
44.6174 1571
44.6433 1572
44.6693 1573
44.6952 1574
44.7211 1575
44.7471 1576
44.773 1577
44.799 1578
44.8249 1579
44.8508 1580
44.8768 1581
44.9027 1582
44.9287 1583
44.9546 1584
44.9805 1585
45.0065 1586
45.0324 1587
45.0584 1588
45.0843 1589
45.1102 1590
45.1362 1591
45.1621 1592
45.1881 1593
45.214 1594
45.2399 1595
45.2659 1596
45.2918 1597
45.3178 1598
45.3437 1599
45.3696 1600
45.3956 1601
45.4215 1602
45.4475 1603
45.4734 1604
45.4994 1605
45.5253 1606
45.5512 1607
45.5772 1608
45.6031 1609
45.6291 1610
45.655 1611
45.6809 1612
45.7069 1613
45.7328 1614
45.7588 1615
45.7847 1616
45.8106 1617
45.8366 1618
45.8625 1619
45.8885 1620
45.9144 1621
45.9403 1622
45.9663 1623
45.9922 1624
46.0182 1625
46.0441 1626
46.07 1627
46.096 1628
46.1219 1629
46.1479 1630
46.1738 1631
46.1997 1632
46.2257 1633
46.2516 1634
46.2776 1635
46.3035 1636
46.3294 1637
46.3554 1638
46.3813 1639
46.4073 1640
46.4332 1641
46.4591 1642
46.4851 1643
46.511 1644
46.537 1645
46.5629 1646
46.5888 1647
46.6148 1648
46.6407 1649
46.6667 1650
46.6926 1651
46.7185 1652
46.7445 1653
46.7704 1654
46.7964 1655
46.8223 1656
46.8482 1657
46.8742 1658
46.9001 1659
46.9261 1660
46.952 1661
46.978 1661
47.0039 1662
47.0298 1663
47.0558 1664
47.0817 1665
47.1077 1665
47.1336 1666
47.1595 1667
47.1855 1668
47.2114 1669
47.2374 1669
47.2633 1670
47.2892 1670
47.3152 1671
47.3411 1672
47.3671 1673
47.393 1674
47.4189 1674
47.4449 1675
47.4708 1676
47.4968 1677
47.5227 1678
47.5486 1679
47.5746 1679
47.6005 1680
47.6265 1681
47.6524 1682
47.6783 1683
47.7043 1684
47.7302 1684
47.7562 1685
47.7821 1686
47.808 1687
47.834 1688
47.8599 1689
47.8859 1689
47.9118 1690
47.9377 1691
47.9637 1692
47.9896 1693
48.0156 1694
48.0415 1695
48.0674 1696
48.0934 1697
48.1193 1698
48.1453 1699
48.1712 1699
48.1971 1700
48.2231 1700
48.249 1701
48.275 1701
48.3009 1702
48.3268 1702
48.3528 1703
48.3787 1703
48.4047 1704
48.4306 1704
48.4565 1705
48.4825 1705
48.5084 1706
48.5344 1706
48.5603 1707
48.5863 1708
48.6122 1709
48.6381 1710
48.6641 1710
48.69 1711
48.716 1711
48.7419 1712
48.7678 1713
48.7938 1714
48.8197 1715
48.8457 1715
48.8716 1716
48.8975 1716
48.9235 1717
48.9494 1718
48.9754 1719
49.0013 1720
49.0272 1721
49.0532 1721
49.0791 1722
49.1051 1722
49.131 1723
49.1569 1724
49.1829 1725
49.2088 1726
49.2348 1727
49.2607 1728
49.2866 1729
49.3126 1730
49.3385 1730
49.3645 1731
49.3904 1732
49.4163 1733
49.4423 1734
49.4682 1734
49.4942 1735
49.5201 1735
49.546 1736
49.572 1737
49.5979 1738
49.6239 1739
49.6498 1739
49.6757 1740
49.7017 1740
49.7276 1741
49.7536 1742
49.7795 1743
49.8054 1744
49.8314 1745
49.8573 1745
49.8833 1746
49.9092 1746
49.9351 1747
49.9611 1748
49.987 1749
50.013 1750
50.0389 1750
50.0649 1751
50.0908 1751
50.1167 1752
50.1427 1753
50.1686 1754
50.1946 1755
50.2205 1756
50.2464 1756
50.2724 1757
50.2983 1757
50.3243 1758
50.3502 1758
50.3761 1759
50.4021 1759
50.428 1760
50.454 1761
50.4799 1762
50.5058 1763
50.5318 1764
50.5577 1765
50.5837 1766
50.6096 1767
50.6355 1768
50.6615 1768
50.6874 1769
50.7134 1770
50.7393 1771
50.7652 1772
50.7912 1773
50.8171 1773
50.8431 1774
50.869 1775
50.8949 1776
50.9209 1777
50.9468 1778
50.9728 1778
50.9987 1779
51.0246 1779
51.0506 1780
51.0765 1781
51.1025 1782
51.1284 1783
51.1543 1784
51.1803 1784
51.2062 1785
51.2322 1785
51.2581 1786
51.284 1786
51.31 1787
51.3359 1787
51.3619 1788
51.3878 1789
51.4137 1790
51.4397 1791
51.4656 1792
51.4916 1792
51.5175 1793
51.5435 1793
51.5694 1794
51.5953 1795
51.6213 1796
51.6472 1797
51.6732 1797
51.6991 1798
51.725 1798
51.751 1799
51.7769 1799
51.8029 1800
51.8288 1800
51.8547 1801
51.8807 1802
51.9066 1803
51.9326 1804
51.9585 1804
51.9844 1805
52.0104 1805
52.0363 1806
52.0623 1807
52.0882 1808
52.1141 1809
52.1401 1809
52.166 1810
52.192 1810
52.2179 1811
52.2438 1812
52.2698 1813
52.2957 1814
52.3217 1815
52.3476 1815
52.3735 1816
52.3995 1817
52.4254 1818
52.4514 1819
52.4773 1819
52.5032 1820
52.5292 1820
52.5551 1821
52.5811 1822
52.607 1822
52.6329 1823
52.6589 1824
52.6848 1824
52.7108 1825
52.7367 1826
52.7626 1827
52.7886 1828
52.8145 1829
52.8405 1830
52.8664 1831
52.8923 1832
52.9183 1833
52.9442 1833
52.9702 1834
52.9961 1834
53.022 1835
53.048 1835
53.0739 1836
53.0999 1836
53.1258 1837
53.1518 1838
53.1777 1839
53.2036 1840
53.2296 1841
53.2555 1842
53.2815 1843
53.3074 1844
53.3333 1844
53.3593 1845
53.3852 1845
53.4112 1846
53.4371 1846
53.463 1847
53.489 1847
53.5149 1848
53.5409 1849
53.5668 1850
53.5927 1851
53.6187 1852
53.6446 1853
53.6706 1854
53.6965 1855
53.7224 1856
53.7484 1857
53.7743 1858
53.8003 1859
53.8262 1860
53.8521 1861
53.8781 1862
53.904 1863
53.93 1864
53.9559 1865
53.9818 1866
54.0078 1867
54.0337 1868
54.0597 1869
54.0856 1870
54.1115 1871
54.1375 1872
54.1634 1873
54.1894 1874
54.2153 1875
54.2412 1876
54.2672 1877
54.2931 1878
54.3191 1879
54.345 1880
54.3709 1881
54.3969 1882
54.4228 1883
54.4488 1884
54.4747 1885
54.5006 1886
54.5266 1887
54.5525 1888
54.5785 1889
54.6044 1890
54.6304 1891
54.6563 1892
54.6822 1893
54.7082 1894
54.7341 1894
54.7601 1895
54.786 1895
54.8119 1896
54.8379 1896
54.8638 1897
54.8898 1897
54.9157 1898
54.9416 1899
54.9676 1900
54.9935 1901
55.0195 1902
55.0454 1902
55.0713 1903
55.0973 1903
55.1232 1904
55.1492 1904
55.1751 1905
55.201 1906
55.227 1907
55.2529 1908
55.2789 1909
55.3048 1910
55.3307 1911
55.3567 1912
55.3826 1913
55.4086 1914
55.4345 1915
55.4604 1916
55.4864 1917
55.5123 1917
55.5383 1918
55.5642 1918
55.5901 1919
55.6161 1919
55.642 1920
55.668 1920
55.6939 1921
55.7198 1922
55.7458 1922
55.7717 1923
55.7977 1924
55.8236 1925
55.8495 1926
55.8755 1926
55.9014 1927
55.9274 1927
55.9533 1928
55.9792 1928
56.0052 1929
56.0311 1929
56.0571 1930
56.083 1930
56.1089 1931
56.1349 1931
56.1608 1932
56.1868 1932
56.2127 1933
56.2387 1933
56.2646 1934
56.2905 1935
56.3165 1936
56.3424 1937
56.3684 1938
56.3943 1939
56.4202 1940
56.4462 1941
56.4721 1942
56.4981 1943
56.524 1944
56.5499 1945
56.5759 1945
56.6018 1946
56.6278 1946
56.6537 1947
56.6796 1947
56.7056 1948
56.7315 1948
56.7575 1949
56.7834 1950
56.8093 1951
56.8353 1952
56.8612 1952
56.8872 1953
56.9131 1953
56.939 1954
56.965 1954
56.9909 1955
57.0169 1955
57.0428 1956
57.0687 1957
57.0947 1958
57.1206 1959
57.1466 1960
57.1725 1961
57.1984 1961
57.2244 1962
57.2503 1962
57.2763 1963
57.3022 1963
57.3281 1964
57.3541 1964
57.38 1965
57.406 1965
57.4319 1966
57.4578 1966
57.4838 1967
57.5097 1967
57.5357 1968
57.5616 1968
57.5875 1969
57.6135 1970
57.6394 1971
57.6654 1972
57.6913 1973
57.7173 1974
57.7432 1975
57.7691 1975
57.7951 1976
57.821 1976
57.847 1977
57.8729 1977
57.8988 1978
57.9248 1978
57.9507 1979
57.9767 1980
58.0026 1981
58.0285 1982
58.0545 1983
58.0804 1984
58.1064 1985
58.1323 1985
58.1582 1986
58.1842 1986
58.2101 1987
58.2361 1987
58.262 1988
58.2879 1988
58.3139 1989
58.3398 1990
58.3658 1991
58.3917 1992
58.4176 1993
58.4436 1994
58.4695 1995
58.4955 1996
58.5214 1997
58.5473 1998
58.5733 1999
58.5992 1999
58.6252 2000
58.6511 2000
58.677 2001
58.703 2001
58.7289 2002
58.7549 2002
58.7808 2003
58.8067 2004
58.8327 2005
58.8586 2006
58.8846 2007
58.9105 2007
58.9364 2008
58.9624 2008
58.9883 2009
59.0143 2009
59.0402 2010
59.0661 2010
59.0921 2011
59.118 2011
59.144 2012
59.1699 2012
59.1958 2013
59.2218 2013
59.2477 2014
59.2737 2014
59.2996 2015
59.3256 2016
59.3515 2017
59.3774 2018
59.4034 2018
59.4293 2019
59.4553 2019
59.4812 2020
59.5071 2020
59.5331 2021
59.559 2021
59.585 2022
59.6109 2023
59.6368 2024
59.6628 2025
59.6887 2025
59.7147 2026
59.7406 2027
59.7665 2028
59.7925 2029
59.8184 2029
59.8444 2030
59.8703 2030
59.8962 2031
59.9222 2032
59.9481 2033
59.9741 2034
60 2035
60.0259 2035
60.0519 2036
60.0778 2036
60.1038 2037
60.1297 2038
60.1556 2039
60.1816 2040
60.2075 2040
60.2335 2041
60.2594 2041
60.2853 2042
60.3113 2043
60.3372 2044
60.3632 2045
60.3891 2045
60.415 2046
60.441 2046
60.4669 2047
60.4929 2048
60.5188 2049
60.5447 2050
60.5707 2051
60.5966 2051
60.6226 2052
60.6485 2053
60.6744 2054
60.7004 2055
60.7263 2056
60.7523 2057
60.7782 2058
60.8042 2059
60.8301 2060
60.856 2060
60.882 2061
60.9079 2061
60.9339 2062
60.9598 2063
60.9857 2064
61.0117 2065
61.0376 2066
61.0636 2067
61.0895 2068
61.1154 2069
61.1414 2070
61.1673 2071
61.1933 2072
61.2192 2073
61.2451 2074
61.2711 2075
61.297 2076
61.323 2077
61.3489 2078
61.3748 2079
61.4008 2080
61.4267 2081
61.4527 2082
61.4786 2083
61.5045 2084
61.5305 2085
61.5564 2086
61.5824 2086
61.6083 2087
61.6342 2087
61.6602 2088
61.6861 2089
61.7121 2090
61.738 2091
61.7639 2092
61.7899 2092
61.8158 2093
61.8418 2094
61.8677 2095
61.8936 2096
61.9196 2096
61.9455 2097
61.9715 2097
61.9974 2098
62.0233 2098
62.0493 2099
62.0752 2099
62.1012 2100
62.1271 2101
62.153 2102
62.179 2103
62.2049 2104
62.2309 2105
62.2568 2106
62.2827 2106
62.3087 2107
62.3346 2107
62.3606 2108
62.3865 2109
62.4125 2110
62.4384 2111
62.4643 2111
62.4903 2112
62.5162 2112
62.5422 2113
62.5681 2114
62.594 2115
62.62 2116
62.6459 2116
62.6719 2117
62.6978 2117
62.7237 2118
62.7497 2119
62.7756 2120
62.8016 2121
62.8275 2121
62.8534 2122
62.8794 2122
62.9053 2123
62.9313 2123
62.9572 2124
62.9831 2124
63.0091 2125
63.035 2126
63.061 2127
63.0869 2128
63.1128 2129
63.1388 2130
63.1647 2131
63.1907 2132
63.2166 2132
63.2425 2133
63.2685 2133
63.2944 2134
63.3204 2134
63.3463 2135
63.3722 2135
63.3982 2136
63.4241 2137
63.4501 2137
63.476 2138
63.5019 2139
63.5279 2140
63.5538 2141
63.5798 2141
63.6057 2142
63.6316 2142
63.6576 2143
63.6835 2143
63.7095 2144
63.7354 2144
63.7613 2145
63.7873 2145
63.8132 2146
63.8392 2146
63.8651 2147
63.8911 2147
63.917 2148
63.9429 2148
63.9689 2149
63.9948 2150
64.0208 2151
64.0467 2152
64.0726 2153
64.0986 2153
64.1245 2154
64.1505 2154
64.1764 2155
64.2023 2156
64.2283 2157
64.2542 2158
64.2802 2159
64.3061 2159
64.332 2160
64.358 2161
64.3839 2162
64.4099 2163
64.4358 2164
64.4617 2164
64.4877 2165
64.5136 2166
64.5396 2167
64.5655 2168
64.5914 2169
64.6174 2170
64.6433 2170
64.6693 2171
64.6952 2171
64.7211 2172
64.7471 2173
64.773 2174
64.799 2175
64.8249 2176
64.8508 2177
64.8768 2178
64.9027 2179
64.9287 2180
64.9546 2181
64.9805 2182
65.0065 2182
65.0324 2183
65.0584 2183
65.0843 2184
65.1102 2184
65.1362 2185
65.1621 2185
65.1881 2186
65.214 2187
65.2399 2188
65.2659 2189
65.2918 2189
65.3178 2190
65.3437 2190
65.3696 2191
65.3956 2191
65.4215 2192
65.4475 2192
65.4734 2193
65.4994 2194
65.5253 2195
65.5512 2196
65.5772 2197
65.6031 2197
65.6291 2198
65.655 2198
65.6809 2199
65.7069 2199
65.7328 2200
65.7588 2200
65.7847 2201
65.8106 2202
65.8366 2203
65.8625 2204
65.8885 2205
65.9144 2205
65.9403 2206
65.9663 2206
65.9922 2207
66.0182 2207
66.0441 2208
66.07 2208
66.096 2209
66.1219 2210
66.1479 2211
66.1738 2212
66.1997 2213
66.2257 2213
66.2516 2214
66.2776 2214
66.3035 2215
66.3294 2215
66.3554 2216
66.3813 2216
66.4073 2217
66.4332 2218
66.4591 2219
66.4851 2220
66.511 2221
66.537 2221
66.5629 2222
66.5888 2222
66.6148 2223
66.6407 2223
66.6667 2224
66.6926 2224
66.7185 2225
66.7445 2226
66.7704 2227
66.7964 2228
66.8223 2229
66.8482 2229
66.8742 2230
66.9001 2230
66.9261 2231
66.952 2231
66.978 2232
67.0039 2232
67.0298 2233
67.0558 2234
67.0817 2235
67.1077 2236
67.1336 2237
67.1595 2237
67.1855 2238
67.2114 2238
67.2374 2239
67.2633 2239
67.2892 2240
67.3152 2240
67.3411 2241
67.3671 2242
67.393 2243
67.4189 2244
67.4449 2245
67.4708 2245
67.4968 2246
67.5227 2246
67.5486 2247
67.5746 2247
67.6005 2248
67.6265 2248
67.6524 2249
67.6783 2250
67.7043 2251
67.7302 2252
67.7562 2253
67.7821 2253
67.808 2254
67.834 2254
67.8599 2255
67.8859 2255
67.9118 2256
67.9377 2256
67.9637 2257
67.9896 2258
68.0156 2259
68.0415 2260
68.0674 2261
68.0934 2261
68.1193 2262
68.1453 2262
68.1712 2263
68.1971 2263
68.2231 2264
68.249 2264
68.275 2265
68.3009 2266
68.3268 2267
68.3528 2268
68.3787 2269
68.4047 2269
68.4306 2270
68.4565 2270
68.4825 2271
68.5084 2271
68.5344 2272
68.5603 2272
68.5863 2273
68.6122 2274
68.6381 2275
68.6641 2276
68.69 2277
68.716 2277
