0.0257865 2
0.051573 2
0.0773595 3
0.103146 4
0.128932 5
0.154719 6
0.180505 7
0.206292 7
0.232078 8
0.257865 9
0.283651 10
0.309438 11
0.335224 12
0.361011 13
0.386797 14
0.412584 15
0.43837 16
0.464157 17
0.489943 18
0.51573 19
0.541516 20
0.567303 21
0.593089 22
0.618876 23
0.644662 24
0.670449 25
0.696235 26
0.722022 27
0.747808 28
0.773595 29
0.799381 30
0.825168 31
0.850954 32
0.876741 33
0.902527 34
0.928314 35
0.9541 36
0.979887 37
1.00567 38
1.03146 39
1.05725 40
1.08303 41
1.10882 42
1.13461 43
1.16039 44
1.18618 45
1.21196 46
1.23775 47
1.26354 48
1.28932 49
1.31511 50
1.3409 51
1.36668 52
1.39247 53
1.41826 54
1.44404 55
1.46983 56
1.49562 57
1.5214 58
1.54719 59
1.57298 60
1.59876 61
1.62455 62
1.65034 63
1.67612 64
1.70191 65
1.72769 66
1.75348 67
1.77927 68
1.80505 69
1.83084 70
1.85663 71
1.88241 72
1.9082 73
1.93399 74
1.95977 75
1.98556 76
2.01135 77
2.03713 78
2.06292 79
2.08871 80
2.11449 81
2.14028 82
2.16606 83
2.19185 84
2.21764 85
2.24342 86
2.26921 87
2.295 88
2.32078 89
2.34657 90
2.37236 91
2.39814 92
2.42393 93
2.44972 94
2.4755 95
2.50129 96
2.52708 97
2.55286 98
2.57865 99
2.60444 100
2.63022 101
2.65601 102
2.68179 103
2.70758 104
2.73337 105
2.75915 106
2.78494 107
2.81073 108
2.83651 109
2.8623 110
2.88809 111
2.91387 112
2.93966 113
2.96545 113
2.99123 114
3.01702 115
3.04281 116
3.06859 117
3.09438 118
3.12017 119
3.14595 120
3.17174 121
3.19752 122
3.22331 123
3.2491 124
3.27488 125
3.30067 126
3.32646 126
3.35224 127
3.37803 128
3.40382 129
3.4296 130
3.45539 130
3.48118 131
3.50696 132
3.53275 133
3.55854 134
3.58432 135
3.61011 136
3.63589 136
3.66168 137
3.68747 138
3.71325 139
3.73904 140
3.76483 140
3.79061 141
3.8164 142
3.84219 143
3.86797 144
3.89376 145
3.91955 146
3.94533 146
3.97112 147
3.99691 148
4.02269 149
4.04848 150
4.07427 150
4.10005 151
4.12584 152
4.15162 153
4.17741 154
4.2032 155
4.22898 156
4.25477 156
4.28056 157
4.30634 158
4.33213 159
4.35792 160
4.3837 161
4.40949 162
4.43528 163
4.46106 164
4.48685 165
4.51264 166
4.53842 167
4.56421 168
4.58999 169
4.61578 169
4.64157 170
4.66735 171
4.69314 172
4.71893 173
4.74471 174
4.7705 175
4.79629 176
4.82207 177
4.84786 178
4.87365 179
4.89943 179
4.92522 180
4.95101 181
4.97679 182
5.00258 182
5.02837 183
5.05415 183
5.07994 184
5.10572 184
5.13151 185
5.1573 186
5.18308 187
5.20887 188
5.23466 188
5.26044 189
5.28623 190
5.31202 191
5.3378 191
5.36359 192
5.38938 192
5.41516 193
5.44095 193
5.46674 194
5.49252 194
5.51831 195
5.54409 195
5.56988 196
5.59567 197
5.62145 197
5.64724 198
5.67303 198
5.69881 199
5.7246 199
5.75039 200
5.77617 200
5.80196 201
5.82775 201
5.85353 202
5.87932 202
5.90511 203
5.93089 203
5.95668 204
5.98247 204
6.00825 205
6.03404 206
6.05982 206
6.08561 207
6.1114 207
6.13718 208
6.16297 208
6.18876 209
6.21454 210
6.24033 211
6.26612 212
6.2919 213
6.31769 214
6.34348 215
6.36926 216
6.39505 217
6.42084 218
6.44662 219
6.47241 220
6.49819 221
6.52398 222
6.54977 223
6.57555 224
6.60134 225
6.62713 226
6.65291 227
6.6787 228
6.70449 229
6.73027 230
6.75606 230
6.78185 231
6.80763 232
6.83342 233
6.85921 234
6.88499 235
6.91078 236
6.93657 237
6.96235 238
6.98814 239
7.01392 240
7.03971 241
7.0655 242
7.09128 243
7.11707 244
7.14286 245
7.16864 246
7.19443 247
7.22022 248
7.246 249
7.27179 250
7.29758 251
7.32336 252
7.34915 253
7.37494 254
7.40072 255
7.42651 256
7.45229 257
7.47808 258
7.50387 259
7.52965 260
7.55544 261
7.58123 262
7.60701 263
7.6328 264
7.65859 265
7.68437 266
7.71016 267
7.73595 268
7.76173 269
7.78752 270
7.81331 271
7.83909 272
7.86488 273
7.89067 274
7.91645 275
7.94224 276
7.96802 277
7.99381 278
8.0196 279
8.04538 280
8.07117 281
8.09696 282
8.12274 283
8.14853 284
8.17432 285
8.2001 286
8.22589 287
8.25168 288
8.27746 289
8.30325 290
8.32904 291
8.35482 292
8.38061 293
8.4064 294
8.43218 295
8.45797 296
8.48375 297
8.50954 297
8.53533 298
8.56111 299
8.5869 299
8.61269 300
8.63847 300
8.66426 301
8.69005 301
8.71583 302
8.74162 302
8.76741 303
8.79319 303
8.81898 304
8.84477 304
8.87055 305
8.89634 305
8.92212 306
8.94791 306
8.9737 307
8.99948 307
9.02527 308
9.05106 308
9.07684 309
9.10263 309
9.12842 310
9.1542 310
9.17999 311
9.20578 312
9.23156 312
9.25735 313
9.28314 313
9.30892 314
9.33471 314
9.3605 315
9.38628 315
9.41207 316
9.43785 316
9.46364 317
9.48943 317
9.51521 318
9.541 318
9.56679 319
9.59257 319
9.61836 320
9.64415 320
9.66993 321
9.69572 321
9.72151 322
9.74729 322
9.77308 323
9.79887 324
9.82465 325
9.85044 326
9.87622 327
9.90201 328
9.9278 329
9.95358 330
9.97937 331
10.0052 332
10.0309 333
10.0567 334
10.0825 335
10.1083 336
10.1341 337
10.1599 338
10.1857 339
10.2114 340
10.2372 340
10.263 341
10.2888 341
10.3146 342
10.3404 343
10.3662 344
10.392 345
10.4177 345
10.4435 346
10.4693 347
10.4951 348
10.5209 349
10.5467 350
10.5725 351
10.5982 351
10.624 352
10.6498 353
10.6756 354
10.7014 355
10.7272 356
10.753 357
10.7788 358
10.8045 359
10.8303 359
10.8561 360
10.8819 360
10.9077 361
10.9335 362
10.9593 363
10.985 364
11.0108 364
11.0366 365
11.0624 366
11.0882 367
11.114 368
11.1398 369
11.1655 370
11.1913 371
11.2171 372
11.2429 373
11.2687 374
11.2945 375
11.3203 376
11.3461 377
11.3718 378
11.3976 379
11.4234 380
11.4492 381
11.475 382
11.5008 383
11.5266 384
11.5523 385
11.5781 386
11.6039 387
11.6297 388
11.6555 389
11.6813 390
11.7071 391
11.7329 392
11.7586 393
11.7844 394
11.8102 395
11.836 396
11.8618 397
11.8876 398
11.9134 399
11.9391 400
11.9649 401
11.9907 402
12.0165 403
12.0423 404
12.0681 405
12.0939 406
12.1196 407
12.1454 408
12.1712 409
12.197 410
12.2228 411
12.2486 412
12.2744 413
12.3002 414
12.3259 415
12.3517 416
12.3775 417
12.4033 418
12.4291 418
12.4549 419
12.4807 419
12.5064 420
12.5322 421
12.558 422
12.5838 423
12.6096 424
12.6354 425
12.6612 426
12.687 427
12.7127 428
12.7385 429
12.7643 430
12.7901 431
12.8159 432
12.8417 433
12.8675 434
12.8932 435
12.919 436
12.9448 437
12.9706 438
12.9964 439
13.0222 440
13.048 441
13.0737 442
13.0995 443
13.1253 444
13.1511 445
13.1769 446
13.2027 447
13.2285 448
13.2543 449
13.28 450
13.3058 451
13.3316 452
13.3574 453
13.3832 454
13.409 455
13.4348 456
13.4605 457
13.4863 458
13.5121 459
13.5379 460
13.5637 461
13.5895 462
13.6153 463
13.6411 464
13.6668 465
13.6926 466
13.7184 467
13.7442 468
13.77 469
13.7958 470
13.8216 471
13.8473 472
13.8731 473
13.8989 474
13.9247 475
13.9505 475
13.9763 476
14.0021 477
14.0278 478
14.0536 479
14.0794 480
14.1052 481
14.131 482
14.1568 483
14.1826 483
14.2084 484
14.2341 485
14.2599 486
14.2857 487
14.3115 488
14.3373 489
14.3631 490
14.3889 491
14.4146 492
14.4404 493
14.4662 494
14.492 495
14.5178 496
14.5436 497
14.5694 498
14.5952 499
14.6209 500
14.6467 501
14.6725 502
14.6983 503
14.7241 504
14.7499 505
14.7757 506
14.8014 507
14.8272 508
14.853 509
14.8788 510
14.9046 511
14.9304 512
14.9562 513
14.9819 514
15.0077 515
15.0335 516
15.0593 517
15.0851 518
15.1109 519
15.1367 520
15.1625 521
15.1882 522
15.214 522
15.2398 523
15.2656 524
15.2914 525
15.3172 526
15.343 527
15.3687 528
15.3945 529
15.4203 530
15.4461 531
15.4719 532
15.4977 533
15.5235 534
15.5493 535
15.575 536
15.6008 536
15.6266 537
15.6524 538
15.6782 539
15.704 540
15.7298 541
15.7555 542
15.7813 542
15.8071 543
15.8329 544
15.8587 545
15.8845 546
15.9103 546
15.936 547
15.9618 548
15.9876 549
16.0134 550
16.0392 550
16.065 551
16.0908 551
16.1166 552
16.1423 553
16.1681 554
16.1939 555
16.2197 555
16.2455 556
16.2713 557
16.2971 558
16.3228 559
16.3486 560
16.3744 561
16.4002 562
16.426 563
16.4518 564
16.4776 565
16.5034 566
16.5291 567
16.5549 568
16.5807 569
16.6065 570
16.6323 571
16.6581 572
16.6839 573
16.7096 574
16.7354 575
16.7612 576
16.787 577
16.8128 578
16.8386 579
16.8644 580
16.8901 581
16.9159 582
16.9417 583
16.9675 584
16.9933 585
17.0191 586
17.0449 587
17.0707 588
17.0964 589
17.1222 590
17.148 591
17.1738 592
17.1996 593
17.2254 594
17.2512 595
17.2769 596
17.3027 597
17.3285 598
17.3543 599
17.3801 600
17.4059 601
17.4317 602
17.4575 603
17.4832 604
17.509 605
17.5348 606
17.5606 607
17.5864 608
17.6122 609
17.638 610
17.6637 611
17.6895 611
17.7153 612
17.7411 613
17.7669 614
17.7927 615
17.8185 616
17.8442 617
17.87 618
17.8958 619
17.9216 620
17.9474 621
17.9732 622
17.999 622
18.0248 623
18.0505 624
18.0763 625
18.1021 626
18.1279 626
18.1537 627
18.1795 628
18.2053 629
18.231 630
18.2568 630
18.2826 631
18.3084 632
18.3342 633
18.36 633
18.3858 634
18.4116 634
18.4373 635
18.4631 636
18.4889 637
18.5147 638
18.5405 639
18.5663 640
18.5921 641
18.6178 641
18.6436 642
18.6694 643
18.6952 644
18.721 645
18.7468 646
18.7726 647
18.7983 648
18.8241 649
18.8499 650
18.8757 651
18.9015 652
18.9273 653
18.9531 654
18.9789 655
19.0046 656
19.0304 657
19.0562 658
19.082 659
19.1078 660
19.1336 660
19.1594 661
19.1851 662
19.2109 663
19.2367 663
19.2625 664
19.2883 664
19.3141 665
19.3399 666
19.3657 667
19.3914 667
19.4172 668
19.443 668
19.4688 669
19.4946 669
19.5204 670
19.5462 671
19.5719 671
19.5977 672
19.6235 672
19.6493 673
19.6751 673
19.7009 674
19.7267 675
19.7524 675
19.7782 676
19.804 676
19.8298 677
19.8556 677
19.8814 678
19.9072 679
19.933 679
19.9587 680
19.9845 680
20.0103 681
20.0361 681
20.0619 682
20.0877 683
20.1135 683
20.1392 684
20.165 684
20.1908 685
20.2166 685
20.2424 686
20.2682 686
20.294 687
20.3198 688
20.3455 688
20.3713 689
20.3971 689
20.4229 690
20.4487 690
20.4745 691
20.5003 692
20.526 692
20.5518 693
20.5776 693
20.6034 694
20.6292 694
20.655 695
20.6808 696
20.7065 696
20.7323 697
20.7581 698
20.7839 698
20.8097 699
20.8355 699
20.8613 700
20.8871 701
20.9128 702
20.9386 703
20.9644 703
20.9902 704
21.016 704
21.0418 705
21.0676 705
21.0933 706
21.1191 707
21.1449 707
21.1707 708
21.1965 708
21.2223 709
21.2481 710
21.2739 711
21.2996 711
21.3254 712
21.3512 712
21.377 713
21.4028 714
21.4286 715
21.4544 716
21.4801 716
21.5059 717
21.5317 717
21.5575 718
21.5833 719
21.6091 720
21.6349 721
21.6606 721
21.6864 722
21.7122 723
21.738 723
21.7638 724
21.7896 724
21.8154 725
21.8412 725
21.8669 726
21.8927 726
21.9185 727
21.9443 727
21.9701 728
21.9959 729
22.0217 729
22.0474 730
22.0732 730
22.099 731
22.1248 731
22.1506 732
22.1764 733
22.2022 734
22.228 734
22.2537 735
22.2795 735
22.3053 736
22.3311 737
22.3569 738
22.3827 739
22.4085 739
22.4342 740
22.46 740
22.4858 741
22.5116 742
22.5374 742
22.5632 743
22.589 743
22.6147 744
22.6405 745
22.6663 746
22.6921 747
22.7179 748
22.7437 749
22.7695 750
22.7953 750
22.821 751
22.8468 752
22.8726 753
22.8984 754
22.9242 755
22.95 756
22.9758 757
23.0015 758
23.0273 759
23.0531 760
23.0789 761
23.1047 762
23.1305 762
23.1563 763
23.1821 763
23.2078 764
23.2336 764
23.2594 765
23.2852 766
23.311 767
23.3368 768
23.3626 769
23.3883 769
23.4141 770
23.4399 771
23.4657 772
23.4915 773
23.5173 774
23.5431 775
23.5688 776
23.5946 777
23.6204 778
23.6462 779
23.672 780
23.6978 781
23.7236 782
23.7494 783
23.7751 784
23.8009 785
23.8267 786
23.8525 787
23.8783 788
23.9041 789
23.9299 790
23.9556 791
23.9814 792
24.0072 793
24.033 794
24.0588 795
24.0846 796
24.1104 797
24.1362 798
24.1619 799
24.1877 800
24.2135 801
24.2393 802
24.2651 803
24.2909 804
24.3167 805
24.3424 806
24.3682 807
24.394 808
24.4198 809
24.4456 810
24.4714 811
24.4972 811
24.5229 812
24.5487 813
24.5745 814
24.6003 815
24.6261 816
24.6519 816
24.6777 817
24.7035 818
24.7292 819
24.755 820
24.7808 821
24.8066 822
24.8324 823
24.8582 824
24.884 825
24.9097 826
24.9355 827
24.9613 828
24.9871 829
25.0129 830
25.0387 831
25.0645 832
25.0903 833
25.116 834
25.1418 835
25.1676 836
25.1934 837
25.2192 838
25.245 839
25.2708 840
25.2965 841
25.3223 842
25.3481 842
25.3739 843
25.3997 843
25.4255 844
25.4513 845
25.4771 846
25.5028 847
25.5286 848
25.5544 849
25.5802 850
25.606 851
25.6318 852
25.6576 853
25.6833 854
25.7091 855
25.7349 856
25.7607 857
25.7865 858
25.8123 859
25.8381 860
25.8638 860
25.8896 861
25.9154 862
25.9412 863
25.967 864
25.9928 865
26.0186 866
26.0444 867
26.0701 868
26.0959 869
26.1217 870
26.1475 871
26.1733 872
26.1991 873
26.2249 873
26.2506 874
26.2764 874
26.3022 875
26.328 876
26.3538 877
26.3796 878
26.4054 879
26.4312 880
26.4569 881
26.4827 882
26.5085 883
26.5343 884
26.5601 884
26.5859 885
26.6117 886
26.6374 887
26.6632 888
26.689 889
26.7148 890
26.7406 891
26.7664 892
26.7922 893
26.8179 894
26.8437 895
26.8695 896
26.8953 897
26.9211 898
26.9469 899
26.9727 900
26.9985 901
27.0242 902
27.05 903
27.0758 904
27.1016 905
27.1274 906
27.1532 907
27.179 908
27.2047 909
27.2305 910
27.2563 911
27.2821 912
27.3079 913
27.3337 914
27.3595 915
27.3853 916
27.411 917
27.4368 918
27.4626 919
27.4884 920
27.5142 921
27.54 922
27.5658 923
27.5915 924
27.6173 925
27.6431 926
27.6689 927
27.6947 928
27.7205 929
27.7463 930
27.772 931
27.7978 932
27.8236 933
27.8494 934
27.8752 935
27.901 936
27.9268 937
27.9526 938
27.9783 939
28.0041 940
28.0299 941
28.0557 942
28.0815 943
28.1073 944
28.1331 945
28.1588 946
28.1846 947
28.2104 948
28.2362 949
28.262 950
28.2878 951
28.3136 952
28.3394 953
28.3651 954
28.3909 955
28.4167 956
28.4425 957
28.4683 958
28.4941 959
28.5199 960
28.5456 961
28.5714 962
28.5972 963
28.623 964
28.6488 965
28.6746 966
28.7004 967
28.7261 968
28.7519 969
28.7777 970
28.8035 971
28.8293 972
28.8551 973
28.8809 974
28.9067 975
28.9324 976
28.9582 977
28.984 978
29.0098 979
29.0356 980
29.0614 981
29.0872 982
29.1129 983
29.1387 984
29.1645 985
29.1903 986
29.2161 987
29.2419 988
29.2677 989
29.2935 990
29.3192 991
29.345 992
29.3708 993
29.3966 994
29.4224 995
29.4482 996
29.474 997
29.4997 998
29.5255 999
29.5513 1000
29.5771 1001
29.6029 1002
29.6287 1003
29.6545 1004
29.6802 1005
29.706 1006
29.7318 1007
29.7576 1008
29.7834 1009
29.8092 1010
29.835 1011
29.8608 1012
29.8865 1013
29.9123 1014
29.9381 1015
29.9639 1016
29.9897 1017
30.0155 1018
30.0413 1019
30.067 1020
30.0928 1021
30.1186 1022
30.1444 1023
30.1702 1024
30.196 1025
30.2218 1026
30.2476 1027
30.2733 1028
30.2991 1029
30.3249 1030
30.3507 1031
30.3765 1032
30.4023 1033
30.4281 1034
30.4538 1035
30.4796 1036
30.5054 1037
30.5312 1038
30.557 1039
30.5828 1040
30.6086 1041
30.6343 1042
30.6601 1043
30.6859 1044
30.7117 1045
30.7375 1046
30.7633 1047
30.7891 1048
30.8149 1049
30.8406 1050
30.8664 1051
30.8922 1052
30.918 1053
30.9438 1054
30.9696 1055
30.9954 1056
31.0211 1057
31.0469 1058
31.0727 1059
31.0985 1060
31.1243 1060
31.1501 1061
31.1759 1061
31.2017 1062
31.2274 1062
31.2532 1063
31.279 1064
31.3048 1065
31.3306 1066
31.3564 1067
31.3822 1068
31.4079 1069
31.4337 1070
31.4595 1071
31.4853 1072
31.5111 1073
31.5369 1074
31.5627 1075
31.5884 1076
31.6142 1077
31.64 1078
31.6658 1079
31.6916 1080
31.7174 1081
31.7432 1082
31.769 1083
31.7947 1084
31.8205 1085
31.8463 1086
31.8721 1087
31.8979 1088
31.9237 1089
31.9495 1090
31.9752 1091
32.001 1092
32.0268 1093
32.0526 1094
32.0784 1095
32.1042 1096
32.13 1097
32.1558 1098
32.1815 1099
32.2073 1100
32.2331 1101
32.2589 1102
32.2847 1103
32.3105 1104
32.3363 1105
32.362 1106
32.3878 1107
32.4136 1108
32.4394 1109
32.4652 1110
32.491 1111
32.5168 1112
32.5425 1113
32.5683 1114
32.5941 1115
32.6199 1116
32.6457 1117
32.6715 1118
32.6973 1119
32.7231 1120
32.7488 1121
32.7746 1122
32.8004 1123
32.8262 1124
32.852 1125
32.8778 1126
32.9036 1127
32.9293 1128
32.9551 1129
32.9809 1130
33.0067 1130
33.0325 1131
33.0583 1132
33.0841 1133
33.1099 1134
33.1356 1135
33.1614 1136
33.1872 1136
33.213 1137
33.2388 1138
33.2646 1139
33.2904 1140
33.3161 1141
33.3419 1142
33.3677 1143
33.3935 1144
33.4193 1145
33.4451 1146
33.4709 1147
33.4966 1148
33.5224 1149
33.5482 1150
33.574 1151
33.5998 1152
33.6256 1153
33.6514 1154
33.6772 1155
33.7029 1156
33.7287 1157
33.7545 1158
33.7803 1159
33.8061 1160
33.8319 1161
33.8577 1162
33.8834 1163
33.9092 1164
33.935 1165
33.9608 1166
33.9866 1167
34.0124 1168
34.0382 1168
34.064 1169
34.0897 1170
34.1155 1171
34.1413 1172
34.1671 1173
34.1929 1174
34.2187 1175
34.2445 1176
34.2702 1177
34.296 1178
34.3218 1179
34.3476 1180
34.3734 1181
34.3992 1182
34.425 1183
34.4507 1184
34.4765 1185
34.5023 1186
34.5281 1187
34.5539 1188
34.5797 1189
34.6055 1190
34.6313 1191
34.657 1192
34.6828 1193
34.7086 1194
34.7344 1195
34.7602 1196
34.786 1197
34.8118 1198
34.8375 1199
34.8633 1199
34.8891 1200
34.9149 1200
34.9407 1201
34.9665 1202
34.9923 1203
35.0181 1204
35.0438 1205
35.0696 1206
35.0954 1207
35.1212 1208
35.147 1209
35.1728 1210
35.1986 1211
35.2243 1212
35.2501 1213
35.2759 1214
35.3017 1215
35.3275 1216
35.3533 1217
35.3791 1218
35.4048 1219
35.4306 1220
35.4564 1221
35.4822 1222
35.508 1223
35.5338 1224
35.5596 1225
35.5854 1226
35.6111 1227
35.6369 1228
35.6627 1229
35.6885 1230
35.7143 1231
35.7401 1232
35.7659 1233
35.7916 1234
35.8174 1235
35.8432 1236
35.869 1237
35.8948 1238
35.9206 1239
35.9464 1240
35.9722 1241
35.9979 1242
36.0237 1243
36.0495 1244
36.0753 1245
36.1011 1246
36.1269 1247
36.1527 1248
36.1784 1249
36.2042 1250
36.23 1251
36.2558 1252
36.2816 1253
36.3074 1254
36.3332 1255
36.3589 1256
36.3847 1257
36.4105 1258
36.4363 1259
36.4621 1260
36.4879 1261
36.5137 1262
36.5395 1263
36.5652 1264
36.591 1265
36.6168 1266
36.6426 1267
36.6684 1268
36.6942 1269
36.72 1270
36.7457 1271
36.7715 1272
36.7973 1273
36.8231 1274
36.8489 1275
36.8747 1276
36.9005 1277
36.9263 1278
36.952 1279
36.9778 1280
37.0036 1281
37.0294 1282
37.0552 1283
37.081 1284
37.1068 1285
37.1325 1286
37.1583 1287
37.1841 1288
37.2099 1289
37.2357 1290
37.2615 1291
37.2873 1292
37.313 1293
37.3388 1294
37.3646 1295
37.3904 1296
37.4162 1297
37.442 1298
37.4678 1299
37.4936 1299
37.5193 1300
37.5451 1301
37.5709 1302
37.5967 1303
37.6225 1304
37.6483 1305
37.6741 1306
37.6998 1307
37.7256 1308
37.7514 1308
37.7772 1309
37.803 1309
37.8288 1310
37.8546 1311
37.8804 1311
37.9061 1312
37.9319 1312
37.9577 1313
37.9835 1313
38.0093 1314
38.0351 1314
38.0609 1315
38.0866 1315
38.1124 1316
38.1382 1316
38.164 1317
38.1898 1318
38.2156 1319
38.2414 1320
38.2671 1321
38.2929 1321
38.3187 1322
38.3445 1322
38.3703 1323
38.3961 1324
38.4219 1325
38.4477 1326
38.4734 1327
38.4992 1328
38.525 1329
38.5508 1330
38.5766 1331
38.6024 1332
38.6282 1333
38.6539 1334
38.6797 1335
38.7055 1335
38.7313 1336
38.7571 1337
38.7829 1338
38.8087 1339
38.8345 1340
38.8602 1341
38.886 1342
38.9118 1343
38.9376 1344
38.9634 1345
38.9892 1346
39.015 1347
39.0407 1348
39.0665 1348
39.0923 1349
39.1181 1349
39.1439 1350
39.1697 1350
39.1955 1351
39.2212 1351
39.247 1352
39.2728 1353
39.2986 1354
39.3244 1355
39.3502 1356
39.376 1357
39.4018 1358
39.4275 1359
39.4533 1360
39.4791 1361
39.5049 1362
39.5307 1363
39.5565 1364
39.5823 1365
39.608 1366
39.6338 1367
39.6596 1368
39.6854 1369
39.7112 1370
39.737 1371
39.7628 1372
39.7886 1373
39.8143 1374
39.8401 1375
39.8659 1376
39.8917 1377
39.9175 1378
39.9433 1379
39.9691 1380
39.9948 1381
40.0206 1382
40.0464 1383
40.0722 1384
40.098 1385
40.1238 1386
40.1496 1387
40.1753 1388
40.2011 1389
40.2269 1390
40.2527 1391
40.2785 1392
40.3043 1393
40.3301 1394
40.3559 1395
40.3816 1396
40.4074 1397
40.4332 1398
40.459 1399
40.4848 1400
40.5106 1401
40.5364 1402
40.5621 1403
40.5879 1404
40.6137 1405
40.6395 1406
40.6653 1407
40.6911 1408
40.7169 1409
40.7427 1410
40.7684 1411
40.7942 1412
40.82 1413
40.8458 1414
40.8716 1415
40.8974 1416
40.9232 1417
40.9489 1418
40.9747 1419
41.0005 1420
41.0263 1421
41.0521 1422
41.0779 1423
41.1037 1424
41.1294 1425
41.1552 1426
41.181 1427
41.2068 1428
41.2326 1429
41.2584 1430
41.2842 1431
41.31 1432
41.3357 1433
41.3615 1434
41.3873 1435
41.4131 1436
41.4389 1437
41.4647 1438
41.4905 1439
41.5162 1440
41.542 1441
41.5678 1442
41.5936 1443
41.6194 1444
41.6452 1445
41.671 1446
41.6968 1447
41.7225 1448
41.7483 1449
41.7741 1450
41.7999 1451
41.8257 1452
41.8515 1453
41.8773 1454
41.903 1455
41.9288 1456
41.9546 1457
41.9804 1458
42.0062 1459
42.032 1460
42.0578 1461
42.0835 1462
42.1093 1463
42.1351 1464
42.1609 1465
42.1867 1466
42.2125 1467
42.2383 1468
42.2641 1469
42.2898 1470
42.3156 1471
42.3414 1472
42.3672 1473
42.393 1474
42.4188 1475
42.4446 1476
42.4703 1477
42.4961 1478
42.5219 1479
42.5477 1480
42.5735 1481
42.5993 1482
42.6251 1483
42.6509 1484
42.6766 1485
42.7024 1486
42.7282 1487
42.754 1488
42.7798 1489
42.8056 1490
42.8314 1491
42.8571 1492
42.8829 1493
42.9087 1494
42.9345 1495
42.9603 1496
42.9861 1497
43.0119 1498
43.0376 1499
43.0634 1500
43.0892 1501
43.115 1502
43.1408 1503
43.1666 1504
43.1924 1505
43.2182 1506
43.2439 1507
43.2697 1508
43.2955 1509
43.3213 1510
43.3471 1511
43.3729 1512
43.3987 1513
43.4244 1514
43.4502 1515
43.476 1516
43.5018 1517
43.5276 1518
43.5534 1519
43.5792 1520
43.605 1521
43.6307 1522
43.6565 1523
43.6823 1524
43.7081 1525
43.7339 1526
43.7597 1527
43.7855 1527
43.8112 1528
43.837 1529
43.8628 1530
43.8886 1531
43.9144 1532
43.9402 1533
43.966 1534
43.9917 1535
44.0175 1536
44.0433 1537
44.0691 1538
44.0949 1539
44.1207 1540
44.1465 1541
44.1723 1542
44.198 1543
44.2238 1544
44.2496 1545
44.2754 1546
44.3012 1547
44.327 1548
44.3528 1549
44.3785 1550
44.4043 1551
44.4301 1552
44.4559 1553
44.4817 1554
44.5075 1555
44.5333 1556
44.5591 1557
44.5848 1558
44.6106 1559
44.6364 1560
44.6622 1561
44.688 1562
44.7138 1563
44.7396 1564
44.7653 1565
44.7911 1566
44.8169 1567
44.8427 1568
44.8685 1569
44.8943 1570
44.9201 1571
44.9458 1572
44.9716 1573
44.9974 1574
45.0232 1575
45.049 1575
45.0748 1576
45.1006 1577
45.1264 1578
45.1521 1579
45.1779 1580
45.2037 1581
45.2295 1582
45.2553 1583
45.2811 1584
45.3069 1585
45.3326 1586
45.3584 1587
45.3842 1588
45.41 1589
45.4358 1590
45.4616 1591
45.4874 1592
45.5132 1593
45.5389 1594
45.5647 1595
45.5905 1596
45.6163 1597
45.6421 1598
45.6679 1599
45.6937 1600
45.7194 1601
45.7452 1602
45.771 1603
45.7968 1604
45.8226 1605
45.8484 1606
45.8742 1607
45.8999 1608
45.9257 1609
45.9515 1610
45.9773 1611
46.0031 1612
46.0289 1613
46.0547 1614
46.0805 1615
46.1062 1616
46.132 1617
46.1578 1618
46.1836 1619
46.2094 1620
46.2352 1621
46.261 1622
46.2867 1623
46.3125 1624
46.3383 1625
46.3641 1626
46.3899 1627
46.4157 1628
46.4415 1629
46.4673 1630
46.493 1631
46.5188 1632
46.5446 1633
46.5704 1634
46.5962 1635
46.622 1636
46.6478 1637
46.6735 1638
46.6993 1639
46.7251 1640
46.7509 1641
46.7767 1642
46.8025 1643
46.8283 1644
46.854 1645
46.8798 1646
46.9056 1647
46.9314 1648
46.9572 1649
46.983 1650
47.0088 1651
47.0346 1652
47.0603 1653
47.0861 1654
47.1119 1655
47.1377 1656
47.1635 1657
47.1893 1658
47.2151 1659
47.2408 1660
47.2666 1661
47.2924 1661
47.3182 1662
47.344 1663
47.3698 1664
47.3956 1665
47.4214 1665
47.4471 1666
47.4729 1667
47.4987 1668
47.5245 1669
47.5503 1669
47.5761 1670
47.6019 1670
47.6276 1671
47.6534 1672
47.6792 1673
47.705 1674
47.7308 1674
47.7566 1675
47.7824 1676
47.8081 1677
47.8339 1678
47.8597 1679
47.8855 1679
47.9113 1680
47.9371 1681
47.9629 1682
47.9887 1683
48.0144 1684
48.0402 1684
48.066 1685
48.0918 1686
48.1176 1687
48.1434 1688
48.1692 1689
48.1949 1689
48.2207 1690
48.2465 1691
48.2723 1692
48.2981 1693
48.3239 1694
48.3497 1695
48.3755 1696
48.4012 1697
48.427 1698
48.4528 1699
48.4786 1699
48.5044 1700
48.5302 1700
48.556 1701
48.5817 1701
48.6075 1702
48.6333 1702
48.6591 1703
48.6849 1703
48.7107 1704
48.7365 1704
48.7622 1705
48.788 1705
48.8138 1706
48.8396 1706
48.8654 1707
48.8912 1708
48.917 1709
48.9428 1710
48.9685 1710
48.9943 1711
49.0201 1711
49.0459 1712
49.0717 1713
49.0975 1714
49.1233 1715
49.149 1715
49.1748 1716
49.2006 1716
49.2264 1717
49.2522 1718
49.278 1719
49.3038 1720
49.3296 1721
49.3553 1721
49.3811 1722
49.4069 1722
49.4327 1723
49.4585 1724
49.4843 1725
49.5101 1726
49.5358 1727
49.5616 1728
49.5874 1729
49.6132 1730
49.639 1730
49.6648 1731
49.6906 1732
49.7163 1733
49.7421 1734
49.7679 1734
49.7937 1735
49.8195 1735
49.8453 1736
49.8711 1737
49.8969 1738
49.9226 1739
49.9484 1739
49.9742 1740
50 1740
50.0258 1741
50.0516 1742
50.0774 1743
50.1031 1744
50.1289 1745
50.1547 1745
50.1805 1746
50.2063 1746
50.2321 1747
50.2579 1748
50.2837 1749
50.3094 1750
50.3352 1750
50.361 1751
50.3868 1751
50.4126 1752
50.4384 1753
50.4642 1754
50.4899 1755
50.5157 1756
50.5415 1756
50.5673 1757
50.5931 1757
50.6189 1758
50.6447 1758
50.6704 1759
50.6962 1759
50.722 1760
50.7478 1761
50.7736 1762
50.7994 1763
50.8252 1764
50.851 1765
50.8767 1766
50.9025 1767
50.9283 1768
50.9541 1768
50.9799 1769
51.0057 1770
51.0315 1771
51.0572 1772
51.083 1773
51.1088 1773
51.1346 1774
51.1604 1775
51.1862 1776
51.212 1777
51.2378 1778
51.2635 1778
51.2893 1779
51.3151 1779
51.3409 1780
51.3667 1781
51.3925 1782
51.4183 1783
51.444 1784
51.4698 1784
51.4956 1785
51.5214 1785
51.5472 1786
51.573 1786
51.5988 1787
51.6245 1787
51.6503 1788
51.6761 1789
51.7019 1790
51.7277 1791
51.7535 1792
51.7793 1792
51.8051 1793
51.8308 1793
51.8566 1794
51.8824 1795
51.9082 1796
51.934 1797
51.9598 1797
51.9856 1798
52.0113 1798
52.0371 1799
52.0629 1799
52.0887 1800
52.1145 1800
52.1403 1801
52.1661 1802
52.1919 1803
52.2176 1804
52.2434 1804
52.2692 1805
52.295 1805
52.3208 1806
52.3466 1807
52.3724 1808
52.3981 1809
52.4239 1809
52.4497 1810
52.4755 1810
52.5013 1811
52.5271 1812
52.5529 1813
52.5786 1814
52.6044 1815
52.6302 1815
52.656 1816
52.6818 1817
52.7076 1818
52.7334 1819
52.7592 1819
52.7849 1820
52.8107 1820
52.8365 1821
52.8623 1822
52.8881 1822
52.9139 1823
52.9397 1824
52.9654 1824
52.9912 1825
53.017 1826
53.0428 1827
53.0686 1828
53.0944 1829
53.1202 1830
53.146 1831
53.1717 1832
53.1975 1833
53.2233 1833
53.2491 1834
53.2749 1834
53.3007 1835
53.3265 1835
53.3522 1836
53.378 1836
53.4038 1837
53.4296 1838
53.4554 1839
53.4812 1840
53.507 1841
53.5327 1842
53.5585 1843
53.5843 1844
53.6101 1844
53.6359 1845
53.6617 1845
53.6875 1846
53.7133 1846
53.739 1847
53.7648 1847
53.7906 1848
53.8164 1849
53.8422 1850
53.868 1851
53.8938 1852
53.9195 1853
53.9453 1854
53.9711 1855
53.9969 1856
54.0227 1857
54.0485 1858
54.0743 1859
54.1001 1860
54.1258 1861
54.1516 1862
54.1774 1863
54.2032 1864
54.229 1865
54.2548 1866
54.2806 1867
54.3063 1868
54.3321 1869
54.3579 1870
54.3837 1871
54.4095 1872
54.4353 1873
54.4611 1874
54.4868 1875
54.5126 1876
54.5384 1877
54.5642 1878
54.59 1879
54.6158 1880
54.6416 1881
54.6674 1882
54.6931 1883
54.7189 1884
54.7447 1885
54.7705 1886
54.7963 1887
54.8221 1888
54.8479 1889
54.8736 1890
54.8994 1891
54.9252 1892
54.951 1893
54.9768 1894
55.0026 1894
55.0284 1895
55.0542 1895
55.0799 1896
55.1057 1896
55.1315 1897
55.1573 1897
55.1831 1898
55.2089 1899
55.2347 1900
55.2604 1901
55.2862 1902
55.312 1902
55.3378 1903
55.3636 1903
55.3894 1904
55.4152 1904
55.4409 1905
55.4667 1906
55.4925 1907
55.5183 1908
55.5441 1909
55.5699 1910
55.5957 1911
55.6215 1912
55.6472 1913
55.673 1914
55.6988 1915
55.7246 1916
55.7504 1917
55.7762 1917
55.802 1918
55.8277 1918
55.8535 1919
55.8793 1919
55.9051 1920
55.9309 1920
55.9567 1921
55.9825 1922
56.0083 1922
56.034 1923
56.0598 1924
56.0856 1925
56.1114 1926
56.1372 1926
56.163 1927
56.1888 1927
56.2145 1928
56.2403 1928
56.2661 1929
56.2919 1929
56.3177 1930
56.3435 1930
56.3693 1931
56.395 1931
56.4208 1932
56.4466 1932
56.4724 1933
56.4982 1933
56.524 1934
56.5498 1935
56.5756 1936
56.6013 1937
56.6271 1938
56.6529 1939
56.6787 1940
56.7045 1941
56.7303 1942
56.7561 1943
56.7818 1944
56.8076 1945
56.8334 1945
56.8592 1946
56.885 1946
56.9108 1947
56.9366 1947
56.9624 1948
56.9881 1948
57.0139 1949
57.0397 1950
57.0655 1951
57.0913 1952
57.1171 1952
57.1429 1953
57.1686 1953
57.1944 1954
57.2202 1954
57.246 1955
57.2718 1955
57.2976 1956
57.3234 1957
57.3491 1958
57.3749 1959
57.4007 1960
57.4265 1961
57.4523 1961
57.4781 1962
57.5039 1962
57.5297 1963
57.5554 1963
57.5812 1964
57.607 1964
57.6328 1965
57.6586 1965
57.6844 1966
57.7102 1966
57.7359 1967
57.7617 1967
57.7875 1968
57.8133 1968
57.8391 1969
57.8649 1970
57.8907 1971
57.9165 1972
57.9422 1973
57.968 1974
57.9938 1975
58.0196 1975
58.0454 1976
58.0712 1976
58.097 1977
58.1227 1977
58.1485 1978
58.1743 1978
58.2001 1979
58.2259 1980
58.2517 1981
58.2775 1982
58.3032 1983
58.329 1984
58.3548 1985
58.3806 1985
58.4064 1986
58.4322 1986
58.458 1987
58.4838 1987
58.5095 1988
58.5353 1988
58.5611 1989
58.5869 1990
58.6127 1991
58.6385 1992
58.6643 1993
58.69 1994
58.7158 1995
58.7416 1996
58.7674 1997
58.7932 1998
58.819 1999
58.8448 1999
58.8706 2000
58.8963 2000
58.9221 2001
58.9479 2001
58.9737 2002
58.9995 2002
59.0253 2003
59.0511 2004
59.0768 2005
59.1026 2006
59.1284 2007
59.1542 2007
59.18 2008
59.2058 2008
59.2316 2009
59.2573 2009
59.2831 2010
59.3089 2010
59.3347 2011
59.3605 2011
59.3863 2012
59.4121 2012
59.4379 2013
59.4636 2013
59.4894 2014
59.5152 2014
59.541 2015
59.5668 2016
59.5926 2017
59.6184 2018
59.6441 2018
59.6699 2019
59.6957 2019
59.7215 2020
59.7473 2020
59.7731 2021
59.7989 2021
59.8247 2022
59.8504 2023
59.8762 2024
59.902 2025
59.9278 2025
59.9536 2026
59.9794 2027
60.0052 2028
60.0309 2029
60.0567 2029
60.0825 2030
60.1083 2030
60.1341 2031
60.1599 2032
60.1857 2033
60.2114 2034
60.2372 2035
60.263 2035
60.2888 2036
60.3146 2036
60.3404 2037
60.3662 2038
60.392 2039
60.4177 2040
60.4435 2040
60.4693 2041
60.4951 2041
60.5209 2042
60.5467 2043
60.5725 2044
60.5982 2045
60.624 2045
60.6498 2046
60.6756 2046
60.7014 2047
60.7272 2048
60.753 2049
60.7788 2050
60.8045 2051
60.8303 2051
60.8561 2052
60.8819 2053
60.9077 2054
60.9335 2055
60.9593 2056
60.985 2057
61.0108 2058
61.0366 2059
61.0624 2060
61.0882 2060
61.114 2061
61.1398 2061
61.1655 2062
61.1913 2063
61.2171 2064
61.2429 2065
61.2687 2066
61.2945 2067
61.3203 2068
61.3461 2069
61.3718 2070
61.3976 2071
61.4234 2072
61.4492 2073
61.475 2074
61.5008 2075
61.5266 2076
61.5523 2077
61.5781 2078
61.6039 2079
61.6297 2080
61.6555 2081
61.6813 2082
61.7071 2083
61.7329 2084
61.7586 2085
61.7844 2086
61.8102 2086
61.836 2087
61.8618 2087
61.8876 2088
61.9134 2089
61.9391 2090
61.9649 2091
61.9907 2092
62.0165 2092
62.0423 2093
62.0681 2094
62.0939 2095
62.1196 2096
62.1454 2096
62.1712 2097
62.197 2097
62.2228 2098
62.2486 2098
62.2744 2099
62.3002 2099
62.3259 2100
62.3517 2101
62.3775 2102
62.4033 2103
62.4291 2104
62.4549 2105
62.4807 2106
62.5064 2106
62.5322 2107
62.558 2107
62.5838 2108
62.6096 2109
62.6354 2110
62.6612 2111
62.687 2111
62.7127 2112
62.7385 2112
62.7643 2113
62.7901 2114
62.8159 2115
62.8417 2116
62.8675 2116
62.8932 2117
62.919 2117
62.9448 2118
62.9706 2119
62.9964 2120
63.0222 2121
63.048 2121
63.0737 2122
63.0995 2122
63.1253 2123
63.1511 2123
63.1769 2124
63.2027 2124
63.2285 2125
63.2543 2126
63.28 2127
63.3058 2128
63.3316 2129
63.3574 2130
63.3832 2131
63.409 2132
63.4348 2132
63.4605 2133
63.4863 2133
63.5121 2134
63.5379 2134
63.5637 2135
63.5895 2135
63.6153 2136
63.6411 2137
63.6668 2137
63.6926 2138
63.7184 2139
63.7442 2140
63.77 2141
63.7958 2141
63.8216 2142
63.8473 2142
63.8731 2143
63.8989 2143
63.9247 2144
63.9505 2144
63.9763 2145
64.0021 2145
64.0278 2146
64.0536 2146
64.0794 2147
64.1052 2147
64.131 2148
64.1568 2148
64.1826 2149
64.2084 2150
64.2341 2151
64.2599 2152
64.2857 2153
64.3115 2153
64.3373 2154
64.3631 2154
64.3889 2155
64.4146 2156
64.4404 2157
64.4662 2158
64.492 2159
64.5178 2159
64.5436 2160
64.5694 2161
64.5952 2162
64.6209 2163
64.6467 2164
64.6725 2164
64.6983 2165
64.7241 2166
64.7499 2167
64.7757 2168
64.8014 2169
64.8272 2170
64.853 2170
64.8788 2171
64.9046 2171
64.9304 2172
64.9562 2173
64.9819 2174
65.0077 2175
65.0335 2176
65.0593 2177
65.0851 2178
65.1109 2179
65.1367 2180
65.1625 2181
65.1882 2182
65.214 2182
65.2398 2183
65.2656 2183
65.2914 2184
65.3172 2184
65.343 2185
65.3687 2185
65.3945 2186
65.4203 2187
65.4461 2188
65.4719 2189
65.4977 2189
65.5235 2190
65.5493 2190
65.575 2191
65.6008 2191
65.6266 2192
65.6524 2192
65.6782 2193
65.704 2194
65.7298 2195
65.7555 2196
65.7813 2197
65.8071 2197
65.8329 2198
65.8587 2198
65.8845 2199
65.9103 2199
65.936 2200
65.9618 2200
65.9876 2201
66.0134 2202
66.0392 2203
66.065 2204
66.0908 2205
66.1166 2205
66.1423 2206
66.1681 2206
66.1939 2207
66.2197 2207
66.2455 2208
66.2713 2208
66.2971 2209
66.3228 2210
66.3486 2211
66.3744 2212
66.4002 2213
66.426 2213
66.4518 2214
66.4776 2214
66.5034 2215
66.5291 2215
66.5549 2216
66.5807 2216
66.6065 2217
66.6323 2218
66.6581 2219
66.6839 2220
66.7096 2221
66.7354 2221
66.7612 2222
66.787 2222
66.8128 2223
66.8386 2223
66.8644 2224
66.8901 2224
66.9159 2225
66.9417 2226
66.9675 2227
66.9933 2228
67.0191 2229
67.0449 2229
67.0707 2230
67.0964 2230
67.1222 2231
67.148 2231
67.1738 2232
67.1996 2232
67.2254 2233
67.2512 2234
67.2769 2235
67.3027 2236
67.3285 2237
67.3543 2237
67.3801 2238
67.4059 2238
67.4317 2239
67.4575 2239
67.4832 2240
67.509 2240
67.5348 2241
67.5606 2242
67.5864 2243
67.6122 2244
67.638 2245
67.6637 2245
67.6895 2246
67.7153 2246
67.7411 2247
67.7669 2247
67.7927 2248
67.8185 2248
67.8442 2249
67.87 2250
67.8958 2251
67.9216 2252
67.9474 2253
67.9732 2253
67.999 2254
68.0248 2254
68.0505 2255
68.0763 2255
68.1021 2256
68.1279 2256
68.1537 2257
68.1795 2258
68.2053 2259
68.231 2260
68.2568 2261
68.2826 2261
68.3084 2262
68.3342 2262
68.36 2263
68.3858 2263
68.4116 2264
68.4373 2264
68.4631 2265
68.4889 2266
68.5147 2267
68.5405 2268
68.5663 2269
68.5921 2269
68.6178 2270
68.6436 2270
68.6694 2271
68.6952 2271
68.721 2272
68.7468 2272
68.7726 2273
68.7983 2274
68.8241 2275
68.8499 2276
68.8757 2277
68.9015 2277
68.9273 2278
68.9531 2278
68.9789 2279
69.0046 2279
69.0304 2280
69.0562 2280
69.082 2281
69.1078 2282
69.1336 2283
69.1594 2284
69.1851 2285
69.2109 2285
69.2367 2286
69.2625 2286
69.2883 2287
69.3141 2287
69.3399 2288
69.3657 2288
69.3914 2289
69.4172 2290
69.443 2291
69.4688 2292
69.4946 2292
69.5204 2293
69.5462 2293
69.5719 2294
69.5977 2294
69.6235 2295
69.6493 2295
69.6751 2296
69.7009 2297
69.7267 2298
69.7524 2299
69.7782 2300
69.804 2300
69.8298 2301
69.8556 2301
69.8814 2302
69.9072 2302
69.933 2303
69.9587 2303
69.9845 2304
70.0103 2305
70.0361 2306
70.0619 2307
70.0877 2308
70.1135 2308
70.1392 2309
70.165 2309
70.1908 2310
70.2166 2310
70.2424 2311
70.2682 2311
70.294 2312
70.3198 2313
70.3455 2314
70.3713 2315
70.3971 2316
70.4229 2317
70.4487 2318
70.4745 2319
70.5003 2320
70.526 2321
70.5518 2321
70.5776 2322
70.6034 2322
70.6292 2323
70.655 2323
70.6808 2324
70.7065 2324
70.7323 2325
70.7581 2326
70.7839 2327
70.8097 2328
70.8355 2329
70.8613 2329
70.8871 2330
70.9128 2330
70.9386 2331
70.9644 2331
70.9902 2332
71.016 2332
71.0418 2333
71.0676 2334
71.0933 2335
71.1191 2336
71.1449 2337
71.1707 2338
71.1965 2338
71.2223 2339
71.2481 2339
71.2739 2340
71.2996 2340
71.3254 2341
71.3512 2341
71.377 2342
71.4028 2343
71.4286 2344
71.4544 2345
71.4801 2345
71.5059 2346
71.5317 2346
71.5575 2347
71.5833 2347
71.6091 2348
71.6349 2348
71.6606 2349
71.6864 2350
71.7122 2351
71.738 2352
71.7638 2353
71.7896 2354
71.8154 2355
71.8412 2356
71.8669 2357
71.8927 2358
71.9185 2358
71.9443 2359
71.9701 2359
71.9959 2360
72.0217 2360
72.0474 2361
72.0732 2361
72.099 2362
72.1248 2363
72.1506 2364
72.1764 2365
72.2022 2366
72.228 2366
72.2537 2367
72.2795 2367
72.3053 2368
72.3311 2368
72.3569 2369
72.3827 2369
72.4085 2370
72.4342 2371
72.46 2372
72.4858 2373
72.5116 2374
72.5374 2375
72.5632 2375
72.589 2376
72.6147 2376
72.6405 2377
72.6663 2377
72.6921 2378
72.7179 2378
72.7437 2379
72.7695 2380
72.7953 2381
72.821 2382
72.8468 2383
72.8726 2384
72.8984 2384
72.9242 2385
72.95 2385
72.9758 2386
73.0015 2386
73.0273 2387
73.0531 2387
73.0789 2388
73.1047 2389
73.1305 2390
73.1563 2391
73.1821 2392
73.2078 2392
73.2336 2393
73.2594 2393
73.2852 2394
73.311 2394
73.3368 2395
73.3626 2395
73.3883 2396
73.4141 2397
73.4399 2398
73.4657 2399
73.4915 2400
73.5173 2401
73.5431 2401
73.5688 2402
73.5946 2402
73.6204 2403
73.6462 2403
73.672 2404
73.6978 2404
73.7236 2405
73.7494 2406
73.7751 2407
73.8009 2408
73.8267 2408
73.8525 2409
73.8783 2409
73.9041 2410
73.9299 2410
73.9556 2411
73.9814 2411
74.0072 2412
74.033 2413
74.0588 2414
74.0846 2415
74.1104 2416
74.1362 2417
74.1619 2418
74.1877 2418
74.2135 2419
74.2393 2419
74.2651 2420
74.2909 2420
74.3167 2421
74.3424 2421
74.3682 2422
74.394 2423
74.4198 2424
74.4456 2425
74.4714 2426
74.4972 2426
74.5229 2427
74.5487 2427
74.5745 2428
74.6003 2428
74.6261 2429
74.6519 2429
74.6777 2430
74.7035 2431
74.7292 2432
74.755 2433
74.7808 2433
74.8066 2434
74.8324 2434
74.8582 2435
74.884 2435
74.9097 2436
74.9355 2436
74.9613 2437
74.9871 2438
75.0129 2439
75.0387 2440
75.0645 2441
75.0903 2442
75.116 2442
75.1418 2443
75.1676 2443
75.1934 2444
75.2192 2444
75.245 2445
75.2708 2445
75.2965 2446
75.3223 2447
75.3481 2448
75.3739 2449
75.3997 2450
75.4255 2450
75.4513 2451
75.4771 2451
75.5028 2452
75.5286 2452
75.5544 2453
75.5802 2453
75.606 2454
75.6318 2455
75.6576 2456
75.6833 2457
75.7091 2458
75.7349 2458
75.7607 2459
75.7865 2459
75.8123 2460
75.8381 2460
75.8638 2461
75.8896 2461
75.9154 2462
75.9412 2463
75.967 2464
75.9928 2465
76.0186 2466
76.0444 2467
76.0701 2467
76.0959 2468
76.1217 2468
76.1475 2469
76.1733 2469
76.1991 2470
76.2249 2470
76.2506 2471
76.2764 2472
76.3022 2473
76.328 2474
76.3538 2475
76.3796 2476
76.4054 2477
76.4312 2478
76.4569 2478
76.4827 2479
76.5085 2479
76.5343 2480
76.5601 2480
76.5859 2481
76.6117 2482
76.6374 2483
76.6632 2484
76.689 2485
76.7148 2485
76.7406 2486
76.7664 2486
76.7922 2487
76.8179 2487
76.8437 2488
76.8695 2488
76.8953 2489
76.9211 2490
76.9469 2491
76.9727 2492
76.9985 2493
77.0242 2494
77.05 2495
77.0758 2496
77.1016 2497
77.1274 2498
77.1532 2499
77.179 2500
77.2047 2501
77.2305 2502
77.2563 2503
77.2821 2504
77.3079 2505
77.3337 2506
77.3595 2506
77.3853 2507
77.411 2507
77.4368 2508
77.4626 2508
77.4884 2509
77.5142 2509
77.54 2510
77.5658 2511
77.5915 2512
77.6173 2513
77.6431 2513
77.6689 2514
77.6947 2514
77.7205 2515
77.7463 2515
77.772 2516
77.7978 2516
77.8236 2517
77.8494 2518
77.8752 2518
77.901 2519
77.9268 2519
77.9526 2520
77.9783 2521
78.0041 2522
78.0299 2523
78.0557 2524
78.0815 2525
78.1073 2526
78.1331 2527
78.1588 2528
78.1846 2529
78.2104 2530
78.2362 2531
78.262 2532
78.2878 2533
78.3136 2534
78.3394 2535
78.3651 2536
78.3909 2537
78.4167 2538
78.4425 2539
78.4683 2540
78.4941 2541
78.5199 2542
78.5456 2543
78.5714 2544
78.5972 2545
78.623 2546
78.6488 2547
78.6746 2548
78.7004 2549
78.7261 2550
78.7519 2551
78.7777 2552
78.8035 2553
78.8293 2554
78.8551 2555
78.8809 2556
78.9067 2557
78.9324 2558
78.9582 2559
78.984 2560
79.0098 2561
79.0356 2562
79.0614 2563
79.0872 2564
79.1129 2565
79.1387 2566
79.1645 2567
79.1903 2568
79.2161 2569
79.2419 2570
79.2677 2571
79.2935 2572
79.3192 2573
79.345 2574
79.3708 2575
79.3966 2576
79.4224 2577
79.4482 2578
79.474 2579
79.4997 2580
79.5255 2581
79.5513 2582
79.5771 2583
79.6029 2584
79.6287 2585
79.6545 2586
79.6802 2587
79.706 2588
79.7318 2589
79.7576 2590
79.7834 2591
79.8092 2592
79.835 2593
79.8608 2594
79.8865 2595
79.9123 2596
79.9381 2597
79.9639 2598
79.9897 2599
80.0155 2600
80.0413 2601
80.067 2602
80.0928 2603
80.1186 2604
80.1444 2605
80.1702 2606
80.196 2607
80.2218 2608
80.2476 2609
80.2733 2610
80.2991 2611
80.3249 2612
80.3507 2613
80.3765 2614
80.4023 2615
80.4281 2616
80.4538 2617
80.4796 2618
80.5054 2619
80.5312 2620
80.557 2621
80.5828 2622
80.6086 2623
80.6343 2623
80.6601 2624
80.6859 2624
80.7117 2625
80.7375 2626
80.7633 2627
80.7891 2628
80.8149 2629
80.8406 2630
80.8664 2631
80.8922 2632
80.918 2633
80.9438 2634
80.9696 2635
80.9954 2636
81.0211 2637
81.0469 2638
81.0727 2639
81.0985 2640
81.1243 2641
81.1501 2642
81.1759 2643
81.2017 2644
81.2274 2645
81.2532 2646
81.279 2647
81.3048 2648
81.3306 2649
81.3564 2650
81.3822 2651
81.4079 2652
81.4337 2653
81.4595 2654
81.4853 2655
81.5111 2656
81.5369 2657
81.5627 2658
81.5884 2659
81.6142 2660
81.64 2660
81.6658 2661
81.6916 2662
81.7174 2663
81.7432 2664
81.769 2665
81.7947 2666
81.8205 2667
81.8463 2668
81.8721 2669
81.8979 2670
81.9237 2670
81.9495 2671
81.9752 2672
82.001 2673
82.0268 2674
82.0526 2675
82.0784 2676
82.1042 2677
82.13 2678
82.1558 2679
82.1815 2680
82.2073 2681
82.2331 2682
82.2589 2682
82.2847 2683
82.3105 2684
82.3363 2685
82.362 2686
82.3878 2687
82.4136 2688
82.4394 2689
82.4652 2690
82.491 2691
82.5168 2692
82.5425 2693
82.5683 2694
82.5941 2694
82.6199 2695
82.6457 2696
82.6715 2697
82.6973 2698
82.7231 2699
82.7488 2700
82.7746 2701
82.8004 2702
82.8262 2703
82.852 2704
82.8778 2705
82.9036 2706
82.9293 2707
82.9551 2708
82.9809 2709
83.0067 2710
83.0325 2711
83.0583 2712
83.0841 2713
83.1099 2714
83.1356 2715
83.1614 2716
83.1872 2717
83.213 2718
83.2388 2719
83.2646 2720
83.2904 2721
83.3161 2722
83.3419 2723
83.3677 2724
83.3935 2724
83.4193 2725
83.4451 2726
83.4709 2727
83.4966 2728
83.5224 2729
83.5482 2729
83.574 2730
83.5998 2731
83.6256 2732
83.6514 2733
83.6772 2734
83.7029 2735
83.7287 2736
83.7545 2737
83.7803 2738
83.8061 2739
83.8319 2740
83.8577 2741
83.8834 2742
83.9092 2743
83.935 2744
83.9608 2745
83.9866 2746
84.0124 2747
84.0382 2748
84.064 2749
84.0897 2750
84.1155 2751
84.1413 2752
84.1671 2753
84.1929 2754
84.2187 2755
84.2445 2756
84.2702 2757
84.296 2758
84.3218 2759
84.3476 2760
84.3734 2761
84.3992 2762
84.425 2763
84.4507 2764
84.4765 2765
84.5023 2766
84.5281 2767
84.5539 2768
84.5797 2769
84.6055 2770
84.6313 2771
84.657 2772
84.6828 2773
84.7086 2774
84.7344 2775
84.7602 2776
84.786 2777
84.8118 2778
84.8375 2779
84.8633 2780
84.8891 2781
84.9149 2782
84.9407 2783
84.9665 2784
84.9923 2785
85.0181 2786
85.0438 2787
85.0696 2788
85.0954 2789
85.1212 2790
85.147 2791
85.1728 2792
85.1986 2793
85.2243 2794
85.2501 2795
85.2759 2796
85.3017 2797
85.3275 2798
85.3533 2799
85.3791 2800
85.4048 2801
85.4306 2802
85.4564 2803
85.4822 2804
85.508 2805
85.5338 2806
85.5596 2807
85.5854 2808
85.6111 2809
85.6369 2810
85.6627 2811
85.6885 2812
85.7143 2813
85.7401 2814
85.7659 2815
85.7916 2816
85.8174 2817
85.8432 2818
